   9.9760000e+08  -9.9461179e-02   7.7991117e-01
   9.9762388e+08  -9.8928056e-02   7.7990644e-01
   9.9764776e+08  -9.8384815e-02   7.7989951e-01
   9.9767164e+08  -9.7831177e-02   7.7989026e-01
   9.9769552e+08  -9.7266853e-02   7.7987857e-01
   9.9771940e+08  -9.6691547e-02   7.7986428e-01
   9.9774328e+08  -9.6104949e-02   7.7984725e-01
   9.9776716e+08  -9.5506740e-02   7.7982734e-01
   9.9779104e+08  -9.4896589e-02   7.7980436e-01
   9.9781493e+08  -9.4274153e-02   7.7977816e-01
   9.9783881e+08  -9.3639076e-02   7.7974854e-01
   9.9786269e+08  -9.2990992e-02   7.7971531e-01
   9.9788657e+08  -9.2329516e-02   7.7967826e-01
   9.9791045e+08  -9.1654254e-02   7.7963717e-01
   9.9793433e+08  -9.0964795e-02   7.7959181e-01
   9.9795821e+08  -9.0260712e-02   7.7954193e-01
   9.9798209e+08  -8.9541565e-02   7.7948727e-01
   9.9800597e+08  -8.8806894e-02   7.7942755e-01
   9.9802985e+08  -8.8056223e-02   7.7936247e-01
   9.9805373e+08  -8.7289059e-02   7.7929172e-01
   9.9807761e+08  -8.6504889e-02   7.7921496e-01
   9.9810149e+08  -8.5703181e-02   7.7913184e-01
   9.9812537e+08  -8.4883381e-02   7.7904198e-01
   9.9814925e+08  -8.4044917e-02   7.7894496e-01
   9.9817313e+08  -8.3187192e-02   7.7884037e-01
   9.9819701e+08  -8.2309586e-02   7.7872775e-01
   9.9822090e+08  -8.1411458e-02   7.7860660e-01
   9.9824478e+08  -8.0492138e-02   7.7847640e-01
   9.9826866e+08  -7.9550934e-02   7.7833660e-01
   9.9829254e+08  -7.8587124e-02   7.7818660e-01
   9.9831642e+08  -7.7599960e-02   7.7802576e-01
   9.9834030e+08  -7.6588665e-02   7.7785342e-01
   9.9836418e+08  -7.5552431e-02   7.7766883e-01
   9.9838806e+08  -7.4490419e-02   7.7747123e-01
   9.9841194e+08  -7.3401759e-02   7.7725978e-01
   9.9843582e+08  -7.2285549e-02   7.7703359e-01
   9.9845970e+08  -7.1140849e-02   7.7679171e-01
   9.9848358e+08  -6.9966689e-02   7.7653310e-01
   9.9850746e+08  -6.8762058e-02   7.7625668e-01
   9.9853134e+08  -6.7525914e-02   7.7596125e-01
   9.9855522e+08  -6.6257172e-02   7.7564556e-01
   9.9857910e+08  -6.4954714e-02   7.7530824e-01
   9.9860299e+08  -6.3617380e-02   7.7494782e-01
   9.9862687e+08  -6.2243975e-02   7.7456273e-01
   9.9865075e+08  -6.0833261e-02   7.7415126e-01
   9.9867463e+08  -5.9383967e-02   7.7371160e-01
   9.9869851e+08  -5.7894781e-02   7.7324177e-01
   9.9872239e+08  -5.6364358e-02   7.7273963e-01
   9.9874627e+08  -5.4791318e-02   7.7220291e-01
   9.9877015e+08  -5.3174248e-02   7.7162912e-01
   9.9879403e+08  -5.1511709e-02   7.7101558e-01
   9.9881791e+08  -4.9802238e-02   7.7035940e-01
   9.9884179e+08  -4.8044351e-02   7.6965746e-01
   9.9886567e+08  -4.6236556e-02   7.6890637e-01
   9.9888955e+08  -4.4377356e-02   7.6810247e-01
   9.9891343e+08  -4.2465263e-02   7.6724180e-01
   9.9893731e+08  -4.0498808e-02   7.6632007e-01
   9.9896119e+08  -3.8476556e-02   7.6533261e-01
   9.9898507e+08  -3.6397131e-02   7.6427439e-01
   9.9900896e+08  -3.4259228e-02   7.6313994e-01
   9.9903284e+08  -3.2061650e-02   7.6192334e-01
   9.9905672e+08  -2.9803332e-02   7.6061816e-01
   9.9908060e+08  -2.7483383e-02   7.5921744e-01
   9.9910448e+08  -2.5101130e-02   7.5771362e-01
   9.9912836e+08  -2.2656172e-02   7.5609852e-01
   9.9915224e+08  -2.0148441e-02   7.5436328e-01
   9.9917612e+08  -1.7578279e-02   7.5249830e-01
   9.9920000e+08  -1.4946519e-02   7.5049322e-01
   9.9922388e+08  -1.2254596e-02   7.4833682e-01
   9.9924776e+08  -9.5046565e-03   7.4601701e-01
   9.9927164e+08  -6.6997025e-03   7.4352077e-01
   9.9929552e+08  -3.8437506e-03   7.4083412e-01
   9.9931940e+08  -9.4201761e-04   7.3794206e-01
   9.9934328e+08   1.9988659e-03   7.3482859e-01
   9.9936716e+08   4.9706108e-03   7.3147670e-01
   9.9939104e+08   7.9629919e-03   7.2786836e-01
   9.9941493e+08   1.0963534e-02   7.2398463e-01
   9.9943881e+08   1.3957160e-02   7.1980576e-01
   9.9946269e+08   1.6925804e-02   7.1531131e-01
   9.9948657e+08   1.9847991e-02   7.1048042e-01
   9.9951045e+08   2.2698375e-02   7.0529211e-01
   9.9953433e+08   2.5447278e-02   6.9972574e-01
   9.9955821e+08   2.8060198e-02   6.9376152e-01
   9.9958209e+08   3.0497354e-02   6.8738128e-01
   9.9960597e+08   3.2713263e-02   6.8056930e-01
   9.9962985e+08   3.4656414e-02   6.7331341e-01
   9.9965373e+08   3.6269079e-02   6.6560632e-01
   9.9967761e+08   3.7487336e-02   6.5744705e-01
   9.9970149e+08   3.8241381e-02   6.4884270e-01
   9.9972537e+08   3.8456220e-02   6.3981024e-01
   9.9974925e+08   3.8052838e-02   6.3037854e-01
   9.9977313e+08   3.6949933e-02   6.2059024e-01
   9.9979701e+08   3.5066297e-02   6.1050360e-01
   9.9982090e+08   3.2323874e-02   6.0019384e-01
   9.9984478e+08   2.8651474e-02   5.8975401e-01
   9.9986866e+08   2.3989041e-02   5.7929490e-01
   9.9989254e+08   1.8292273e-02   5.6894392e-01
   9.9991642e+08   1.1537272e-02   5.5884263e-01
   9.9994030e+08   3.7248222e-03   5.4914284e-01
   9.9996418e+08  -5.1162041e-03   5.4000134e-01
   9.9998806e+08  -1.4926783e-02   5.3157348e-01
   1.0000119e+09  -2.5617461e-02   5.2400597e-01
   1.0000358e+09  -3.7070125e-02   5.1742958e-01
   1.0000597e+09  -4.9141867e-02   5.1195232e-01
   1.0000836e+09  -6.1670739e-02   5.0765380e-01
   1.0001075e+09  -7.4482918e-02   5.0458148e-01
   1.0001313e+09  -8.7400642e-02   5.0274900e-01
   1.0001552e+09  -1.0025015e-01   5.0213687e-01
   1.0001791e+09  -1.1286893e-01   5.0269513e-01
   1.0002030e+09  -1.2511166e-01   5.0434789e-01
   1.0002269e+09  -1.3685451e-01   5.0699883e-01
   1.0002507e+09  -1.4799765e-01   5.1053736e-01
   1.0002746e+09  -1.5846595e-01   5.1484464e-01
   1.0002985e+09  -1.6820832e-01   5.1979915e-01
   1.0003224e+09  -1.7719579e-01   5.2528140e-01
   1.0003463e+09  -1.8541884e-01   5.3117770e-01
   1.0003701e+09  -1.9288434e-01   5.3738285e-01
   1.0003940e+09  -1.9961233e-01   5.4380186e-01
   1.0004179e+09  -2.0563293e-01   5.5035090e-01
   1.0004418e+09  -2.1098351e-01   5.5695747e-01
   1.0004657e+09  -2.1570622e-01   5.6356013e-01
   1.0004896e+09  -2.1984591e-01   5.7010786e-01
   1.0005134e+09  -2.2344846e-01   5.7655915e-01
   1.0005373e+09  -2.2655951e-01   5.8288098e-01
   1.0005612e+09  -2.2922342e-01   5.8904781e-01
   1.0005851e+09  -2.3148266e-01   5.9504053e-01
   1.0006090e+09  -2.3337726e-01   6.0084549e-01
   1.0006328e+09  -2.3494463e-01   6.0645361e-01
   1.0006567e+09  -2.3621934e-01   6.1185958e-01
   1.0006806e+09  -2.3723315e-01   6.1706118e-01
   1.0007045e+09  -2.3801505e-01   6.2205862e-01
   1.0007284e+09  -2.3859135e-01   6.2685410e-01
   1.0007522e+09  -2.3898584e-01   6.3145130e-01
   1.0007761e+09  -2.3921996e-01   6.3585507e-01
   1.0008000e+09  -2.3931296e-01   6.4007109e-01
   1.0008239e+09  -2.3928208e-01   6.4410564e-01
   1.0008478e+09  -2.3914275e-01   6.4796541e-01
   1.0008716e+09  -2.3890873e-01   6.5165730e-01
   1.0008955e+09  -2.3859226e-01   6.5518834e-01
   1.0009194e+09  -2.3820425e-01   6.5856556e-01
   1.0009433e+09  -2.3775440e-01   6.6179592e-01
   1.0009672e+09  -2.3725131e-01   6.6488623e-01
   1.0009910e+09  -2.3670260e-01   6.6784315e-01
   1.0010149e+09  -2.3611505e-01   6.7067310e-01
   1.0010388e+09  -2.3549463e-01   6.7338231e-01
   1.0010627e+09  -2.3484664e-01   6.7597672e-01
   1.0010866e+09  -2.3417577e-01   6.7846204e-01
   1.0011104e+09  -2.3348615e-01   6.8084373e-01
   1.0011343e+09  -2.3278143e-01   6.8312697e-01
   1.0011582e+09  -2.3206483e-01   6.8531669e-01
   1.0011821e+09  -2.3133919e-01   6.8741760e-01
   1.0012060e+09  -2.3060701e-01   6.8943412e-01
   1.0012299e+09  -2.2987047e-01   6.9137048e-01
   1.0012537e+09  -2.2913150e-01   6.9323067e-01
   1.0012776e+09  -2.2839179e-01   6.9501846e-01
   1.0013015e+09  -2.2765282e-01   6.9673743e-01
   1.0013254e+09  -2.2691587e-01   6.9839094e-01
   1.0013493e+09  -2.2618207e-01   6.9998219e-01
   1.0013731e+09  -2.2545238e-01   7.0151420e-01
   1.0013970e+09  -2.2472765e-01   7.0298981e-01
   1.0014209e+09  -2.2400861e-01   7.0441173e-01
   1.0014448e+09  -2.2329588e-01   7.0578248e-01
   1.0014687e+09  -2.2258999e-01   7.0710449e-01
   1.0014925e+09  -2.2189138e-01   7.0838002e-01
   1.0015164e+09  -2.2120045e-01   7.0961122e-01
   1.0015403e+09  -2.2051750e-01   7.1080013e-01
   1.0015642e+09  -2.1984279e-01   7.1194867e-01
   1.0015881e+09  -2.1917653e-01   7.1305866e-01
   1.0016119e+09  -2.1851888e-01   7.1413182e-01
   1.0016358e+09  -2.1786998e-01   7.1516977e-01
   1.0016597e+09  -2.1722990e-01   7.1617408e-01
   1.0016836e+09  -2.1659872e-01   7.1714619e-01
   1.0017075e+09  -2.1597645e-01   7.1808749e-01
   1.0017313e+09  -2.1536313e-01   7.1899929e-01
   1.0017552e+09  -2.1475873e-01   7.1988285e-01
   1.0017791e+09  -2.1416322e-01   7.2073935e-01
   1.0018030e+09  -2.1357657e-01   7.2156990e-01
   1.0018269e+09  -2.1299871e-01   7.2237557e-01
   1.0018507e+09  -2.1242959e-01   7.2315738e-01
   1.0018746e+09  -2.1186911e-01   7.2391628e-01
   1.0018985e+09  -2.1131718e-01   7.2465320e-01
   1.0019224e+09  -2.1077373e-01   7.2536899e-01
   1.0019463e+09  -2.1023863e-01   7.2606449e-01
   1.0019701e+09  -2.0971179e-01   7.2674049e-01
   1.0019940e+09  -2.0919309e-01   7.2739773e-01
   1.0020179e+09  -2.0868242e-01   7.2803693e-01
   1.0020418e+09  -2.0817965e-01   7.2865877e-01
   1.0020657e+09  -2.0768468e-01   7.2926389e-01
   1.0020896e+09  -2.0719737e-01   7.2985292e-01
   1.0021134e+09  -2.0671761e-01   7.3042645e-01
   1.0021373e+09  -2.0624526e-01   7.3098503e-01
   1.0021612e+09  -2.0578021e-01   7.3152922e-01
   1.0021851e+09  -2.0532233e-01   7.3205952e-01
   1.0022090e+09  -2.0487149e-01   7.3257642e-01
   1.0022328e+09  -2.0442758e-01   7.3308039e-01
   1.0022567e+09  -2.0399046e-01   7.3357188e-01
   1.0022806e+09  -2.0356002e-01   7.3405132e-01
   1.0023045e+09  -2.0313613e-01   7.3451912e-01
   1.0023284e+09  -2.0271867e-01   7.3497568e-01
   1.0023522e+09  -2.0230753e-01   7.3542137e-01
   1.0023761e+09  -2.0190258e-01   7.3585654e-01
   1.0024000e+09  -2.0150372e-01   7.3628156e-01
