   9.9760000e+08   4.2512555e-01   6.6137903e-01
   9.9762388e+08   4.2553091e-01   6.6103272e-01
   9.9764776e+08   4.2594260e-01   6.6067823e-01
   9.9767164e+08   4.2636077e-01   6.6031527e-01
   9.9769552e+08   4.2678555e-01   6.5994357e-01
   9.9771940e+08   4.2721707e-01   6.5956283e-01
   9.9774328e+08   4.2765549e-01   6.5917272e-01
   9.9776716e+08   4.2810094e-01   6.5877295e-01
   9.9779104e+08   4.2855358e-01   6.5836315e-01
   9.9781493e+08   4.2901355e-01   6.5794298e-01
   9.9783881e+08   4.2948101e-01   6.5751207e-01
   9.9786269e+08   4.2995611e-01   6.5707004e-01
   9.9788657e+08   4.3043901e-01   6.5661647e-01
   9.9791045e+08   4.3092988e-01   6.5615094e-01
   9.9793433e+08   4.3142888e-01   6.5567302e-01
   9.9795821e+08   4.3193618e-01   6.5518223e-01
   9.9798209e+08   4.3245194e-01   6.5467810e-01
   9.9800597e+08   4.3297634e-01   6.5416011e-01
   9.9802985e+08   4.3350956e-01   6.5362774e-01
   9.9805373e+08   4.3405176e-01   6.5308042e-01
   9.9807761e+08   4.3460313e-01   6.5251756e-01
   9.9810149e+08   4.3516385e-01   6.5193856e-01
   9.9812537e+08   4.3573409e-01   6.5134277e-01
   9.9814925e+08   4.3631403e-01   6.5072949e-01
   9.9817313e+08   4.3690385e-01   6.5009803e-01
   9.9819701e+08   4.3750375e-01   6.4944765e-01
   9.9822090e+08   4.3811388e-01   6.4877754e-01
   9.9824478e+08   4.3873443e-01   6.4808687e-01
   9.9826866e+08   4.3936557e-01   6.4737478e-01
   9.9829254e+08   4.4000747e-01   6.4664035e-01
   9.9831642e+08   4.4066030e-01   6.4588260e-01
   9.9834030e+08   4.4132422e-01   6.4510053e-01
   9.9836418e+08   4.4199937e-01   6.4429305e-01
   9.9838806e+08   4.4268590e-01   6.4345903e-01
   9.9841194e+08   4.4338395e-01   6.4259728e-01
   9.9843582e+08   4.4409362e-01   6.4170652e-01
   9.9845970e+08   4.4481503e-01   6.4078543e-01
   9.9848358e+08   4.4554826e-01   6.3983259e-01
   9.9850746e+08   4.4629338e-01   6.3884652e-01
   9.9853134e+08   4.4705043e-01   6.3782562e-01
   9.9855522e+08   4.4781942e-01   6.3676826e-01
   9.9857910e+08   4.4860033e-01   6.3567265e-01
   9.9860299e+08   4.4939312e-01   6.3453693e-01
   9.9862687e+08   4.5019767e-01   6.3335913e-01
   9.9865075e+08   4.5101386e-01   6.3213714e-01
   9.9867463e+08   4.5184147e-01   6.3086875e-01
   9.9869851e+08   4.5268025e-01   6.2955161e-01
   9.9872239e+08   4.5352986e-01   6.2818321e-01
   9.9874627e+08   4.5438988e-01   6.2676093e-01
   9.9877015e+08   4.5525980e-01   6.2528195e-01
   9.9879403e+08   4.5613900e-01   6.2374329e-01
   9.9881791e+08   4.5702675e-01   6.2214180e-01
   9.9884179e+08   4.5792217e-01   6.2047413e-01
   9.9886567e+08   4.5882423e-01   6.1873674e-01
   9.9888955e+08   4.5973172e-01   6.1692584e-01
   9.9891343e+08   4.6064324e-01   6.1503746e-01
   9.9893731e+08   4.6155716e-01   6.1306736e-01
   9.9896119e+08   4.6247157e-01   6.1101105e-01
   9.9898507e+08   4.6338429e-01   6.0886377e-01
   9.9900896e+08   4.6429281e-01   6.0662052e-01
   9.9903284e+08   4.6519423e-01   6.0427597e-01
   9.9905672e+08   4.6608525e-01   6.0182453e-01
   9.9908060e+08   4.6696207e-01   5.9926028e-01
   9.9910448e+08   4.6782035e-01   5.9657700e-01
   9.9912836e+08   4.6865513e-01   5.9376818e-01
   9.9915224e+08   4.6946077e-01   5.9082697e-01
   9.9917612e+08   4.7023084e-01   5.8774624e-01
   9.9920000e+08   4.7095805e-01   5.8451860e-01
   9.9922388e+08   4.7163407e-01   5.8113637e-01
   9.9924776e+08   4.7224950e-01   5.7759166e-01
   9.9927164e+08   4.7279367e-01   5.7387644e-01
   9.9929552e+08   4.7325451e-01   5.6998258e-01
   9.9931940e+08   4.7361839e-01   5.6590193e-01
   9.9934328e+08   4.7386993e-01   5.6162651e-01
   9.9936716e+08   4.7399187e-01   5.5714861e-01
   9.9939104e+08   4.7396477e-01   5.5246100e-01
   9.9941493e+08   4.7376690e-01   5.4755718e-01
   9.9943881e+08   4.7337403e-01   5.4243171e-01
   9.9946269e+08   4.7275917e-01   5.3708056e-01
   9.9948657e+08   4.7189245e-01   5.3150153e-01
   9.9951045e+08   4.7074099e-01   5.2569487e-01
   9.9953433e+08   4.6926878e-01   5.1966382e-01
   9.9955821e+08   4.6743667e-01   5.1341541e-01
   9.9958209e+08   4.6520250e-01   5.0696129e-01
   9.9960597e+08   4.6252133e-01   5.0031865e-01
   9.9962985e+08   4.5934587e-01   4.9351128e-01
   9.9965373e+08   4.5562722e-01   4.8657071e-01
   9.9967761e+08   4.5131578e-01   4.7953726e-01
   9.9970149e+08   4.4636265e-01   4.7246126e-01
   9.9972537e+08   4.4072127e-01   4.6540390e-01
   9.9974925e+08   4.3434968e-01   4.5843808e-01
   9.9977313e+08   4.2721301e-01   4.5164875e-01
   9.9979701e+08   4.1928649e-01   4.4513271e-01
   9.9982090e+08   4.1055869e-01   4.3899777e-01
   9.9984478e+08   4.0103487e-01   4.3336097e-01
   9.9986866e+08   3.9074026e-01   4.2834578e-01
   9.9989254e+08   3.7972280e-01   4.2407828e-01
   9.9991642e+08   3.6805518e-01   4.2068228e-01
   9.9994030e+08   3.5583559e-01   4.1827355e-01
   9.9996418e+08   3.4318693e-01   4.1695366e-01
   9.9998806e+08   3.3025427e-01   4.1680366e-01
   1.0000119e+09   3.1720043e-01   4.1787845e-01
   1.0000358e+09   3.0419996e-01   4.2020227e-01
   1.0000597e+09   2.9143175e-01   4.2376601e-01
   1.0000836e+09   2.7907105e-01   4.2852656e-01
   1.0001075e+09   2.6728150e-01   4.3440854e-01
   1.0001313e+09   2.5620805e-01   4.4130813e-01
   1.0001552e+09   2.4597129e-01   4.4909871e-01
   1.0001791e+09   2.3666358e-01   4.5763756e-01
   1.0002030e+09   2.2834748e-01   4.6677312e-01
   1.0002269e+09   2.2105593e-01   4.7635202e-01
   1.0002507e+09   2.1479431e-01   4.8622536e-01
   1.0002746e+09   2.0954380e-01   4.9625382e-01
   1.0002985e+09   2.0526540e-01   5.0631147e-01
   1.0003224e+09   2.0190453e-01   5.1628816e-01
   1.0003463e+09   1.9939537e-01   5.2609066e-01
   1.0003701e+09   1.9766506e-01   5.3564281e-01
   1.0003940e+09   1.9663718e-01   5.4488473e-01
   1.0004179e+09   1.9623478e-01   5.5377155e-01
   1.0004418e+09   1.9638262e-01   5.6227176e-01
   1.0004657e+09   1.9700892e-01   5.7036539e-01
   1.0004896e+09   1.9804653e-01   5.7804219e-01
   1.0005134e+09   1.9943363e-01   5.8529983e-01
   1.0005373e+09   2.0111402e-01   5.9214238e-01
   1.0005612e+09   2.0303731e-01   5.9857878e-01
   1.0005851e+09   2.0515867e-01   6.0462168e-01
   1.0006090e+09   2.0743868e-01   6.1028636e-01
   1.0006328e+09   2.0984284e-01   6.1558992e-01
   1.0006567e+09   2.1234124e-01   6.2055050e-01
   1.0006806e+09   2.1490814e-01   6.2518682e-01
   1.0007045e+09   2.1752147e-01   6.2951767e-01
   1.0007284e+09   2.2016247e-01   6.3356166e-01
   1.0007522e+09   2.2281530e-01   6.3733690e-01
   1.0007761e+09   2.2546664e-01   6.4086087e-01
   1.0008000e+09   2.2810540e-01   6.4415031e-01
   1.0008239e+09   2.3072242e-01   6.4722110e-01
   1.0008478e+09   2.3331016e-01   6.5008830e-01
   1.0008716e+09   2.3586253e-01   6.5276602e-01
   1.0008955e+09   2.3837467e-01   6.5526754e-01
   1.0009194e+09   2.4084274e-01   6.5760523e-01
   1.0009433e+09   2.4326378e-01   6.5979067e-01
   1.0009672e+09   2.4563558e-01   6.6183460e-01
   1.0009910e+09   2.4795659e-01   6.6374703e-01
   1.0010149e+09   2.5022574e-01   6.6553723e-01
   1.0010388e+09   2.5244245e-01   6.6721381e-01
   1.0010627e+09   2.5460650e-01   6.6878472e-01
   1.0010866e+09   2.5671795e-01   6.7025736e-01
   1.0011104e+09   2.5877715e-01   6.7163856e-01
   1.0011343e+09   2.6078463e-01   6.7293464e-01
   1.0011582e+09   2.6274110e-01   6.7415144e-01
   1.0011821e+09   2.6464741e-01   6.7529440e-01
   1.0012060e+09   2.6650449e-01   6.7636851e-01
   1.0012299e+09   2.6831338e-01   6.7737840e-01
   1.0012537e+09   2.7007517e-01   6.7832839e-01
   1.0012776e+09   2.7179099e-01   6.7922244e-01
   1.0013015e+09   2.7346201e-01   6.8006425e-01
   1.0013254e+09   2.7508940e-01   6.8085721e-01
   1.0013493e+09   2.7667436e-01   6.8160450e-01
   1.0013731e+09   2.7821809e-01   6.8230905e-01
   1.0013970e+09   2.7972177e-01   6.8297359e-01
   1.0014209e+09   2.8118658e-01   6.8360065e-01
   1.0014448e+09   2.8261367e-01   6.8419257e-01
   1.0014687e+09   2.8400418e-01   6.8475155e-01
   1.0014925e+09   2.8535924e-01   6.8527961e-01
   1.0015164e+09   2.8667992e-01   6.8577864e-01
   1.0015403e+09   2.8796731e-01   6.8625041e-01
   1.0015642e+09   2.8922244e-01   6.8669654e-01
   1.0015881e+09   2.9044631e-01   6.8711858e-01
   1.0016119e+09   2.9163991e-01   6.8751794e-01
   1.0016358e+09   2.9280418e-01   6.8789595e-01
   1.0016597e+09   2.9394007e-01   6.8825386e-01
   1.0016836e+09   2.9504844e-01   6.8859283e-01
   1.0017075e+09   2.9613018e-01   6.8891392e-01
   1.0017313e+09   2.9718611e-01   6.8921816e-01
   1.0017552e+09   2.9821704e-01   6.8950651e-01
   1.0017791e+09   2.9922378e-01   6.8977984e-01
   1.0018030e+09   3.0020705e-01   6.9003899e-01
   1.0018269e+09   3.0116759e-01   6.9028472e-01
   1.0018507e+09   3.0210610e-01   6.9051780e-01
   1.0018746e+09   3.0302326e-01   6.9073888e-01
   1.0018985e+09   3.0391975e-01   6.9094862e-01
   1.0019224e+09   3.0479615e-01   6.9114763e-01
   1.0019463e+09   3.0565312e-01   6.9133645e-01
   1.0019701e+09   3.0649123e-01   6.9151565e-01
   1.0019940e+09   3.0731104e-01   6.9168572e-01
   1.0020179e+09   3.0811311e-01   6.9184712e-01
   1.0020418e+09   3.0889796e-01   6.9200030e-01
   1.0020657e+09   3.0966610e-01   6.9214569e-01
   1.0020896e+09   3.1041802e-01   6.9228368e-01
   1.0021134e+09   3.1115420e-01   6.9241464e-01
   1.0021373e+09   3.1187508e-01   6.9253892e-01
   1.0021612e+09   3.1258113e-01   6.9265686e-01
   1.0021851e+09   3.1327276e-01   6.9276878e-01
   1.0022090e+09   3.1395038e-01   6.9287495e-01
   1.0022328e+09   3.1461438e-01   6.9297567e-01
   1.0022567e+09   3.1526516e-01   6.9307120e-01
   1.0022806e+09   3.1590307e-01   6.9316179e-01
   1.0023045e+09   3.1652849e-01   6.9324768e-01
   1.0023284e+09   3.1714175e-01   6.9332908e-01
   1.0023522e+09   3.1774319e-01   6.9340623e-01
   1.0023761e+09   3.1833312e-01   6.9347929e-01
   1.0024000e+09   3.1891186e-01   6.9354849e-01
