   9.9760000e+08  -9.9212245e-02   7.7976686e-01
   9.9762388e+08  -9.7629980e-02   7.7981257e-01
   9.9764776e+08  -9.9248923e-02   7.7900589e-01
   9.9767164e+08  -9.7728740e-02   7.7931048e-01
   9.9769552e+08  -9.8406063e-02   7.7963985e-01
   9.9771940e+08  -9.6238693e-02   7.8054602e-01
   9.9774328e+08  -9.6161163e-02   7.7933119e-01
   9.9776716e+08  -9.5858097e-02   7.7877912e-01
   9.9779104e+08  -9.4741164e-02   7.7925901e-01
   9.9781493e+08  -9.4724601e-02   7.7944204e-01
   9.9783881e+08  -9.3832619e-02   7.8001115e-01
   9.9786269e+08  -9.3027872e-02   7.8057729e-01
   9.9788657e+08  -9.2604734e-02   7.8006515e-01
   9.9791045e+08  -9.2449749e-02   7.7878686e-01
   9.9793433e+08  -9.2317372e-02   7.7921325e-01
   9.9795821e+08  -9.0300913e-02   7.7936027e-01
   9.9798209e+08  -8.9291908e-02   7.7968196e-01
   9.9800597e+08  -8.9562224e-02   7.8056608e-01
   9.9802985e+08  -8.7297010e-02   7.7986224e-01
   9.9805373e+08  -8.7555950e-02   7.8031353e-01
   9.9807761e+08  -8.6025588e-02   7.8003614e-01
   9.9810149e+08  -8.6232262e-02   7.7998837e-01
   9.9812537e+08  -8.5019926e-02   7.7853600e-01
   9.9814925e+08  -8.4759255e-02   7.7843397e-01
   9.9817313e+08  -8.4324205e-02   7.7841059e-01
   9.9819701e+08  -8.2988151e-02   7.7936200e-01
   9.9822090e+08  -8.0334142e-02   7.7823236e-01
   9.9824478e+08  -8.0589554e-02   7.7781651e-01
   9.9826866e+08  -7.8817615e-02   7.7737072e-01
   9.9829254e+08  -7.7616830e-02   7.7864350e-01
   9.9831642e+08  -7.8949474e-02   7.7763738e-01
   9.9834030e+08  -7.6876947e-02   7.7822467e-01
   9.9836418e+08  -7.4676274e-02   7.7762052e-01
   9.9838806e+08  -7.4895425e-02   7.7563750e-01
   9.9841194e+08  -7.3834516e-02   7.7804856e-01
   9.9843582e+08  -7.2807325e-02   7.7744921e-01
   9.9845970e+08  -7.0872273e-02   7.7570492e-01
   9.9848358e+08  -7.0135780e-02   7.7712905e-01
   9.9850746e+08  -6.8421435e-02   7.7670796e-01
   9.9853134e+08  -6.7490247e-02   7.7530155e-01
   9.9855522e+08  -6.5923151e-02   7.7577651e-01
   9.9857910e+08  -6.5154424e-02   7.7421931e-01
   9.9860299e+08  -6.3600565e-02   7.7434317e-01
   9.9862687e+08  -6.1099558e-02   7.7488599e-01
   9.9865075e+08  -5.9555006e-02   7.7422641e-01
   9.9867463e+08  -5.9585292e-02   7.7329689e-01
   9.9869851e+08  -5.8302015e-02   7.7296166e-01
   9.9872239e+08  -5.5375712e-02   7.7192409e-01
   9.9874627e+08  -5.4281721e-02   7.7212577e-01
   9.9877015e+08  -5.2118905e-02   7.7066464e-01
   9.9879403e+08  -5.1292507e-02   7.7029036e-01
   9.9881791e+08  -5.0177324e-02   7.7033665e-01
   9.9884179e+08  -4.8395295e-02   7.6991529e-01
   9.9886567e+08  -4.6225316e-02   7.6913552e-01
   9.9888955e+08  -4.5405878e-02   7.6785296e-01
   9.9891343e+08  -4.2835070e-02   7.6721766e-01
   9.9893731e+08  -4.0545218e-02   7.6689315e-01
   9.9896119e+08  -3.8391090e-02   7.6619017e-01
   9.9898507e+08  -3.5579388e-02   7.6327363e-01
   9.9900896e+08  -3.5080450e-02   7.6256265e-01
   9.9903284e+08  -3.1938153e-02   7.6106876e-01
   9.9905672e+08  -2.9637346e-02   7.6089387e-01
   9.9908060e+08  -2.7587838e-02   7.5892003e-01
   9.9910448e+08  -2.3933067e-02   7.5751745e-01
   9.9912836e+08  -2.2156707e-02   7.5571434e-01
   9.9915224e+08  -1.9294181e-02   7.5301308e-01
   9.9917612e+08  -1.7939428e-02   7.5250076e-01
   9.9920000e+08  -1.6355358e-02   7.5267909e-01
   9.9922388e+08  -1.2410255e-02   7.4990400e-01
   9.9924776e+08  -9.0431455e-03   7.4594310e-01
   9.9927164e+08  -7.7460639e-03   7.4314532e-01
   9.9929552e+08  -3.6741253e-03   7.3940010e-01
   9.9931940e+08  -1.3443249e-03   7.3835504e-01
   9.9934328e+08   2.5533478e-03   7.3474147e-01
   9.9936716e+08   4.1105943e-03   7.3053265e-01
   9.9939104e+08   7.9987285e-03   7.2797707e-01
   9.9941493e+08   1.2226910e-02   7.2430534e-01
   9.9943881e+08   1.3983780e-02   7.1988113e-01
   9.9946269e+08   1.6746881e-02   7.1486684e-01
   9.9948657e+08   2.0512593e-02   7.1035290e-01
   9.9951045e+08   2.2879420e-02   7.0552792e-01
   9.9953433e+08   2.4827413e-02   6.9900568e-01
   9.9955821e+08   2.7673697e-02   6.9222407e-01
   9.9958209e+08   3.0915535e-02   6.8794209e-01
   9.9960597e+08   3.3656210e-02   6.7944197e-01
   9.9962985e+08   3.5482559e-02   6.7226543e-01
   9.9965373e+08   3.5809820e-02   6.6545034e-01
   9.9967761e+08   3.6285815e-02   6.5781932e-01
   9.9970149e+08   3.8243931e-02   6.4877989e-01
   9.9972537e+08   3.7401783e-02   6.4015761e-01
   9.9974925e+08   3.7757136e-02   6.3141128e-01
   9.9977313e+08   3.7929690e-02   6.2049953e-01
   9.9979701e+08   3.5197787e-02   6.1134302e-01
   9.9982090e+08   3.3260042e-02   6.0026639e-01
   9.9984478e+08   3.0300301e-02   5.9034380e-01
   9.9986866e+08   2.4910212e-02   5.7896842e-01
   9.9989254e+08   1.7279355e-02   5.6970756e-01
   9.9991642e+08   1.1970362e-02   5.5934870e-01
   9.9994030e+08   3.1433898e-03   5.4871066e-01
   9.9996418e+08  -4.3371996e-03   5.3971118e-01
   9.9998806e+08  -1.3834761e-02   5.3101889e-01
   1.0000119e+09  -2.4240871e-02   5.2277971e-01
   1.0000358e+09  -3.8793562e-02   5.1757786e-01
   1.0000597e+09  -4.7852799e-02   5.1267886e-01
   1.0000836e+09  -6.0881880e-02   5.0749694e-01
   1.0001075e+09  -7.4345023e-02   5.0478752e-01
   1.0001313e+09  -8.8273934e-02   5.0389491e-01
   1.0001552e+09  -1.0051854e-01   5.0246632e-01
   1.0001791e+09  -1.1311493e-01   5.0400740e-01
   1.0002030e+09  -1.2403060e-01   5.0485659e-01
   1.0002269e+09  -1.3713259e-01   5.0609524e-01
   1.0002507e+09  -1.4778459e-01   5.1133892e-01
   1.0002746e+09  -1.5856145e-01   5.1381419e-01
   1.0002985e+09  -1.6678020e-01   5.1891371e-01
   1.0003224e+09  -1.7606898e-01   5.2582169e-01
   1.0003463e+09  -1.8523644e-01   5.3125873e-01
   1.0003701e+09  -1.9259610e-01   5.3708767e-01
   1.0003940e+09  -1.9924040e-01   5.4418603e-01
   1.0004179e+09  -2.0498543e-01   5.4959304e-01
   1.0004418e+09  -2.1081538e-01   5.5686447e-01
   1.0004657e+09  -2.1434800e-01   5.6231281e-01
   1.0004896e+09  -2.1938163e-01   5.6970172e-01
   1.0005134e+09  -2.2419286e-01   5.7748640e-01
   1.0005373e+09  -2.2588797e-01   5.8350444e-01
   1.0005612e+09  -2.2766598e-01   5.8952830e-01
   1.0005851e+09  -2.3233605e-01   5.9502482e-01
   1.0006090e+09  -2.3410069e-01   6.0107964e-01
   1.0006328e+09  -2.3500912e-01   6.0684544e-01
   1.0006567e+09  -2.3566325e-01   6.1300567e-01
   1.0006806e+09  -2.3762258e-01   6.1753551e-01
   1.0007045e+09  -2.3880739e-01   6.2280247e-01
   1.0007284e+09  -2.3790496e-01   6.2631942e-01
   1.0007522e+09  -2.3898385e-01   6.3279015e-01
   1.0007761e+09  -2.4023806e-01   6.3607844e-01
   1.0008000e+09  -2.4001568e-01   6.3945846e-01
   1.0008239e+09  -2.3867414e-01   6.4448306e-01
   1.0008478e+09  -2.3841076e-01   6.4895279e-01
   1.0008716e+09  -2.3981565e-01   6.5109778e-01
   1.0008955e+09  -2.3927462e-01   6.5530421e-01
   1.0009194e+09  -2.3714254e-01   6.5865100e-01
   1.0009433e+09  -2.3800733e-01   6.6189443e-01
   1.0009672e+09  -2.3820571e-01   6.6432349e-01
   1.0009910e+09  -2.3665857e-01   6.6706631e-01
   1.0010149e+09  -2.3698735e-01   6.7223577e-01
   1.0010388e+09  -2.3504332e-01   6.7271767e-01
   1.0010627e+09  -2.3550595e-01   6.7569963e-01
   1.0010866e+09  -2.3477276e-01   6.7763006e-01
   1.0011104e+09  -2.3231837e-01   6.8130175e-01
   1.0011343e+09  -2.3267684e-01   6.8329054e-01
   1.0011582e+09  -2.3275535e-01   6.8484691e-01
   1.0011821e+09  -2.3123154e-01   6.8678530e-01
   1.0012060e+09  -2.2985359e-01   6.8842608e-01
   1.0012299e+09  -2.2940142e-01   6.9095713e-01
   1.0012537e+09  -2.2823969e-01   6.9357020e-01
   1.0012776e+09  -2.2893152e-01   6.9494102e-01
   1.0013015e+09  -2.2757513e-01   6.9732494e-01
   1.0013254e+09  -2.2741570e-01   6.9882549e-01
   1.0013493e+09  -2.2642622e-01   7.0050491e-01
   1.0013731e+09  -2.2477578e-01   7.0286758e-01
   1.0013970e+09  -2.2535101e-01   7.0256223e-01
   1.0014209e+09  -2.2262221e-01   7.0388503e-01
   1.0014448e+09  -2.2329596e-01   7.0563089e-01
   1.0014687e+09  -2.2180896e-01   7.0744577e-01
   1.0014925e+09  -2.2366120e-01   7.0929384e-01
   1.0015164e+09  -2.2221881e-01   7.0970639e-01
   1.0015403e+09  -2.2028191e-01   7.1115039e-01
   1.0015642e+09  -2.1881340e-01   7.1072568e-01
   1.0015881e+09  -2.1875259e-01   7.1354457e-01
   1.0016119e+09  -2.1729910e-01   7.1375669e-01
   1.0016358e+09  -2.1847832e-01   7.1471603e-01
   1.0016597e+09  -2.1747362e-01   7.1693356e-01
   1.0016836e+09  -2.1667788e-01   7.1679421e-01
   1.0017075e+09  -2.1601073e-01   7.1756911e-01
   1.0017313e+09  -2.1541154e-01   7.1965242e-01
   1.0017552e+09  -2.1527896e-01   7.1920433e-01
   1.0017791e+09  -2.1367421e-01   7.2049564e-01
   1.0018030e+09  -2.1334622e-01   7.2259109e-01
   1.0018269e+09  -2.1279823e-01   7.2127765e-01
   1.0018507e+09  -2.1383837e-01   7.2241095e-01
   1.0018746e+09  -2.1171226e-01   7.2332044e-01
   1.0018985e+09  -2.1203204e-01   7.2465186e-01
   1.0019224e+09  -2.1066757e-01   7.2668672e-01
   1.0019463e+09  -2.1012854e-01   7.2585139e-01
   1.0019701e+09  -2.0979768e-01   7.2511168e-01
   1.0019940e+09  -2.0935928e-01   7.2686776e-01
   1.0020179e+09  -2.0873456e-01   7.2862180e-01
   1.0020418e+09  -2.0797802e-01   7.2724648e-01
   1.0020657e+09  -2.0864480e-01   7.2722459e-01
   1.0020896e+09  -2.0757658e-01   7.2875662e-01
   1.0021134e+09  -2.0712664e-01   7.2973041e-01
   1.0021373e+09  -2.0677633e-01   7.3167793e-01
   1.0021612e+09  -2.0468109e-01   7.3283026e-01
   1.0021851e+09  -2.0381792e-01   7.3132279e-01
   1.0022090e+09  -2.0509645e-01   7.3418431e-01
   1.0022328e+09  -2.0416193e-01   7.3166359e-01
   1.0022567e+09  -2.0400539e-01   7.3298353e-01
   1.0022806e+09  -2.0234680e-01   7.3513858e-01
   1.0023045e+09  -2.0279036e-01   7.3358651e-01
   1.0023284e+09  -2.0198021e-01   7.3545820e-01
   1.0023522e+09  -2.0276124e-01   7.3493549e-01
   1.0023761e+09  -2.0129720e-01   7.3494767e-01
   1.0024000e+09  -2.0264263e-01   7.3540619e-01
