   9.9700000e+08  -1.1086028e-01   7.7202010e-01
   9.9702985e+08  -1.1655893e-01   7.7840465e-01
   9.9705970e+08  -1.0413302e-01   7.7567194e-01
   9.9708955e+08  -1.1562372e-01   7.8821514e-01
   9.9711940e+08  -1.0571360e-01   7.8743846e-01
   9.9714925e+08  -1.0073693e-01   7.8240322e-01
   9.9717910e+08  -1.1726668e-01   7.7007416e-01
   9.9720896e+08  -1.1436688e-01   7.7575240e-01
   9.9723881e+08  -1.1789149e-01   7.7257815e-01
   9.9726866e+08  -8.5306223e-02   7.7958501e-01
   9.9729851e+08  -1.1314187e-01   7.7734798e-01
   9.9732836e+08  -1.0758805e-01   7.8678581e-01
   9.9735821e+08  -1.1044553e-01   7.8809136e-01
   9.9738806e+08  -9.8349512e-02   7.7943060e-01
   9.9741791e+08  -9.8379738e-02   7.7621808e-01
   9.9744776e+08  -1.0686992e-01   7.8608462e-01
   9.9747761e+08  -1.0549073e-01   7.9815658e-01
   9.9750746e+08  -1.0049824e-01   7.9510886e-01
   9.9753731e+08  -1.0770382e-01   7.6167852e-01
   9.9756716e+08  -1.0024525e-01   7.7779515e-01
   9.9759701e+08  -9.0992202e-02   7.7394839e-01
   9.9762687e+08  -9.3585744e-02   7.8024153e-01
   9.9765672e+08  -8.4411487e-02   7.8418823e-01
   9.9768657e+08  -9.6154955e-02   7.7844868e-01
   9.9771642e+08  -1.0520548e-01   7.8251036e-01
   9.9774627e+08  -1.0111594e-01   7.8647879e-01
   9.9777612e+08  -9.7808657e-02   7.7295417e-01
   9.9780597e+08  -9.0829710e-02   7.7263202e-01
   9.9783582e+08  -9.9718813e-02   7.6761930e-01
   9.9786567e+08  -1.0669005e-01   7.7652336e-01
   9.9789552e+08  -9.3987896e-02   7.7554848e-01
   9.9792537e+08  -9.0022961e-02   7.8028834e-01
   9.9795522e+08  -9.6248973e-02   7.8877574e-01
   9.9798507e+08  -9.2916267e-02   7.8240390e-01
   9.9801493e+08  -9.5067997e-02   7.8263016e-01
   9.9804478e+08  -9.3773807e-02   7.8250015e-01
   9.9807463e+08  -7.6831659e-02   7.7086915e-01
   9.9810448e+08  -8.6334881e-02   7.6996283e-01
   9.9813433e+08  -7.8551881e-02   7.7174286e-01
   9.9816418e+08  -8.0767365e-02   7.7157386e-01
   9.9819403e+08  -7.7605056e-02   7.8501527e-01
   9.9822388e+08  -8.0339262e-02   7.7522235e-01
   9.9825373e+08  -6.9492305e-02   7.8125105e-01
   9.9828358e+08  -7.2247807e-02   7.7714214e-01
   9.9831343e+08  -7.7032098e-02   7.6801658e-01
   9.9834328e+08  -8.1950698e-02   7.6491103e-01
   9.9837313e+08  -7.8001688e-02   7.7321336e-01
   9.9840299e+08  -7.4466416e-02   7.8119534e-01
   9.9843284e+08  -6.8295973e-02   7.7424376e-01
   9.9846269e+08  -6.9883879e-02   7.6985024e-01
   9.9849254e+08  -5.7142876e-02   7.9097055e-01
   9.9852239e+08  -5.8734792e-02   7.6727266e-01
   9.9855224e+08  -7.9032162e-02   7.6874401e-01
   9.9858209e+08  -6.1722383e-02   7.6606409e-01
   9.9861194e+08  -6.3479394e-02   7.7069382e-01
   9.9864179e+08  -5.6364606e-02   7.7913681e-01
   9.9867164e+08  -4.8154613e-02   7.8816805e-01
   9.9870149e+08  -6.2204761e-02   7.7268822e-01
   9.9873134e+08  -4.7359175e-02   7.8356251e-01
   9.9876119e+08  -4.9085694e-02   7.6804904e-01
   9.9879104e+08  -3.8782827e-02   7.5035248e-01
   9.9882090e+08  -4.5428384e-02   7.6989850e-01
   9.9885075e+08  -5.6866978e-02   7.6899916e-01
   9.9888060e+08  -4.2541244e-02   7.6221297e-01
   9.9891045e+08  -4.7440837e-02   7.7094531e-01
   9.9894030e+08  -3.4457659e-02   7.6276838e-01
   9.9897015e+08  -4.0748792e-02   7.5751065e-01
   9.9900000e+08  -3.5656346e-02   7.6574456e-01
   9.9902985e+08  -3.8042110e-02   7.5535212e-01
   9.9905970e+08  -3.4387799e-02   7.6341320e-01
   9.9908955e+08  -3.8827442e-02   7.6731038e-01
   9.9911940e+08  -2.8069116e-02   7.5348394e-01
   9.9914925e+08  -2.5532512e-02   7.5961790e-01
   9.9917910e+08  -2.5617269e-02   7.5057578e-01
   9.9920896e+08  -1.1286978e-02   7.5006392e-01
   9.9923881e+08  -6.4501682e-03   7.4908078e-01
   9.9926866e+08  -4.5149242e-03   7.2702727e-01
   9.9929851e+08  -3.8489138e-03   7.3017958e-01
   9.9932836e+08   2.0027629e-03   7.3072461e-01
   9.9935821e+08   7.3016812e-03   7.3221405e-01
   9.9938806e+08   1.0860567e-02   7.2169723e-01
   9.9941791e+08   1.5918602e-02   7.1043722e-01
   9.9944776e+08   2.4706650e-02   7.2098669e-01
   9.9947761e+08   1.7269381e-02   7.2063662e-01
   9.9950746e+08   3.0578843e-02   6.9445125e-01
   9.9953731e+08   1.3271329e-02   6.9506919e-01
   9.9956716e+08   1.7206789e-02   6.8683554e-01
   9.9959701e+08   3.7940359e-02   6.8003976e-01
   9.9962687e+08   3.7929321e-02   6.7661799e-01
   9.9965672e+08   3.1076016e-02   6.5708673e-01
   9.9968657e+08   4.8445892e-02   6.5755139e-01
   9.9971642e+08   3.1460039e-02   6.4244929e-01
   9.9974627e+08   4.1953630e-02   6.3196539e-01
   9.9977612e+08   3.1304692e-02   6.1606821e-01
   9.9980597e+08   2.7256298e-02   6.1795135e-01
   9.9983582e+08   3.3830399e-02   5.9947872e-01
   9.9986567e+08   2.1326371e-02   5.7526019e-01
   9.9989552e+08   3.1377039e-02   5.7179131e-01
   9.9992537e+08   1.9816249e-02   5.5630124e-01
   9.9995522e+08  -1.1194127e-03   5.3604845e-01
   9.9998507e+08  -1.1130678e-02   5.1951048e-01
   1.0000149e+09  -3.6880692e-02   5.2578760e-01
   1.0000448e+09  -5.0765031e-02   5.2460984e-01
   1.0000746e+09  -6.1514579e-02   5.0648487e-01
   1.0001045e+09  -7.5376506e-02   4.9984161e-01
   1.0001343e+09  -9.7249344e-02   5.1669107e-01
   1.0001642e+09  -8.8685017e-02   4.8935359e-01
   1.0001940e+09  -1.1587214e-01   5.0942792e-01
   1.0002239e+09  -1.4076502e-01   5.0427140e-01
   1.0002537e+09  -1.5152885e-01   5.1891975e-01
   1.0002836e+09  -1.6398694e-01   5.1339790e-01
   1.0003134e+09  -1.7496700e-01   5.3854330e-01
   1.0003433e+09  -1.7682117e-01   5.3842187e-01
   1.0003731e+09  -2.0170210e-01   5.4022818e-01
   1.0004030e+09  -2.0117969e-01   5.4825923e-01
   1.0004328e+09  -2.1665463e-01   5.5622434e-01
   1.0004627e+09  -2.1520238e-01   5.5516464e-01
   1.0004925e+09  -2.2201046e-01   5.7437843e-01
   1.0005224e+09  -2.2293014e-01   5.7972349e-01
   1.0005522e+09  -2.2932187e-01   5.8346447e-01
   1.0005821e+09  -2.2186847e-01   5.9860861e-01
   1.0006119e+09  -2.2754223e-01   6.0573678e-01
   1.0006418e+09  -2.4496330e-01   6.0325251e-01
   1.0006716e+09  -2.3251954e-01   6.1151046e-01
   1.0007015e+09  -2.4407656e-01   6.2547321e-01
   1.0007313e+09  -2.4502349e-01   6.2578383e-01
   1.0007612e+09  -2.3456012e-01   6.4642900e-01
   1.0007910e+09  -2.4307638e-01   6.3646637e-01
   1.0008209e+09  -2.4868841e-01   6.4561997e-01
   1.0008507e+09  -2.3402624e-01   6.5317145e-01
   1.0008806e+09  -2.3477107e-01   6.5873569e-01
   1.0009104e+09  -2.1540757e-01   6.5774083e-01
   1.0009403e+09  -2.4059198e-01   6.6544626e-01
   1.0009701e+09  -2.3985651e-01   6.7041298e-01
   1.0010000e+09  -2.2839388e-01   6.6783025e-01
   1.0010299e+09  -2.4683723e-01   6.8005144e-01
   1.0010597e+09  -2.3250067e-01   6.6909831e-01
   1.0010896e+09  -2.2367575e-01   6.8607682e-01
   1.0011194e+09  -2.4025214e-01   6.8937899e-01
   1.0011493e+09  -2.2129774e-01   6.9603334e-01
   1.0011791e+09  -2.3415861e-01   6.9102962e-01
   1.0012090e+09  -2.2582364e-01   6.9363231e-01
   1.0012388e+09  -2.3379470e-01   7.0196326e-01
   1.0012687e+09  -2.3189506e-01   6.9872951e-01
   1.0012985e+09  -2.3696675e-01   7.0779573e-01
   1.0013284e+09  -2.1651887e-01   7.0049902e-01
   1.0013582e+09  -2.1843969e-01   7.0152771e-01
   1.0013881e+09  -2.3018433e-01   7.1112402e-01
   1.0014179e+09  -2.1952123e-01   7.0955922e-01
   1.0014478e+09  -2.0881523e-01   6.9858821e-01
   1.0014776e+09  -2.1479050e-01   7.0031213e-01
   1.0015075e+09  -2.3218793e-01   7.0289129e-01
   1.0015373e+09  -2.0691080e-01   7.1846375e-01
   1.0015672e+09  -2.1616974e-01   7.0436579e-01
   1.0015970e+09  -2.1793421e-01   7.0144108e-01
   1.0016269e+09  -2.2189610e-01   7.1587452e-01
   1.0016567e+09  -2.1366253e-01   7.1640113e-01
   1.0016866e+09  -2.1378321e-01   7.2067311e-01
   1.0017164e+09  -2.2701843e-01   7.1375770e-01
   1.0017463e+09  -2.2247893e-01   7.1391487e-01
   1.0017761e+09  -2.2152159e-01   7.2283796e-01
   1.0018060e+09  -2.0818983e-01   7.1803009e-01
   1.0018358e+09  -2.0873431e-01   7.2244534e-01
   1.0018657e+09  -2.0175439e-01   7.2555903e-01
   1.0018955e+09  -2.1252470e-01   7.2726719e-01
   1.0019254e+09  -1.9772368e-01   7.1734624e-01
   1.0019552e+09  -2.0842810e-01   7.2260481e-01
   1.0019851e+09  -2.1189009e-01   7.3278334e-01
   1.0020149e+09  -2.0764511e-01   7.3116091e-01
   1.0020448e+09  -2.0590587e-01   7.3104220e-01
   1.0020746e+09  -2.0184974e-01   7.3500394e-01
   1.0021045e+09  -2.1147935e-01   7.2496929e-01
   1.0021343e+09  -2.1527554e-01   7.2078191e-01
   1.0021642e+09  -2.1147020e-01   7.4542060e-01
   1.0021940e+09  -2.0099246e-01   7.2822916e-01
   1.0022239e+09  -1.9259754e-01   7.1864170e-01
   1.0022537e+09  -2.1583231e-01   7.2906804e-01
   1.0022836e+09  -2.0587706e-01   7.2903129e-01
   1.0023134e+09  -2.0186248e-01   7.2993299e-01
   1.0023433e+09  -1.9680812e-01   7.3882550e-01
   1.0023731e+09  -2.0771733e-01   7.4167659e-01
   1.0024030e+09  -2.0526852e-01   7.2765919e-01
   1.0024328e+09  -2.0736671e-01   7.3710623e-01
   1.0024627e+09  -2.0735650e-01   7.4158885e-01
   1.0024925e+09  -1.9600544e-01   7.3384578e-01
   1.0025224e+09  -2.1012819e-01   7.4135247e-01
   1.0025522e+09  -2.0188230e-01   7.4353827e-01
   1.0025821e+09  -2.0683246e-01   7.3634585e-01
   1.0026119e+09  -1.9097194e-01   7.3872278e-01
   1.0026418e+09  -1.9481313e-01   7.3312145e-01
   1.0026716e+09  -1.8893596e-01   7.3670149e-01
   1.0027015e+09  -1.9473247e-01   7.3446506e-01
   1.0027313e+09  -1.9729746e-01   7.3257495e-01
   1.0027612e+09  -1.9444933e-01   7.5175975e-01
   1.0027910e+09  -1.9939418e-01   7.5697526e-01
   1.0028209e+09  -2.0943628e-01   7.4871953e-01
   1.0028507e+09  -1.9404828e-01   7.3365359e-01
   1.0028806e+09  -2.0117382e-01   7.4359218e-01
   1.0029104e+09  -2.0094849e-01   7.4726842e-01
   1.0029403e+09  -1.9860338e-01   7.4273003e-01
   1.0029701e+09  -1.9378971e-01   7.4023622e-01
   1.0030000e+09  -1.7986722e-01   7.2335312e-01
