   9.9760000e+08  -9.7560526e-02   7.8639395e-01
   9.9762388e+08  -1.0691308e-01   7.8295422e-01
   9.9764776e+08  -9.7257980e-02   7.7527683e-01
   9.9767164e+08  -9.9363925e-02   7.8110144e-01
   9.9769552e+08  -8.4617220e-02   7.8966853e-01
   9.9771940e+08  -1.0146340e-01   7.9059273e-01
   9.9774328e+08  -9.3540645e-02   7.7962435e-01
   9.9776716e+08  -9.2980124e-02   7.7910278e-01
   9.9779104e+08  -9.5335439e-02   7.8507044e-01
   9.9781493e+08  -8.9293216e-02   7.8478794e-01
   9.9783881e+08  -9.1265334e-02   7.7548007e-01
   9.9786269e+08  -9.0455553e-02   7.8547819e-01
   9.9788657e+08  -9.0601277e-02   7.8333590e-01
   9.9791045e+08  -8.9084715e-02   7.7856451e-01
   9.9793433e+08  -8.9925959e-02   7.7680877e-01
   9.9795821e+08  -8.7120233e-02   7.7548704e-01
   9.9798209e+08  -9.3320022e-02   7.7662569e-01
   9.9800597e+08  -9.9214939e-02   7.8451222e-01
   9.9802985e+08  -8.6906674e-02   7.7669380e-01
   9.9805373e+08  -8.2445054e-02   7.7324151e-01
   9.9807761e+08  -8.6866316e-02   7.7836144e-01
   9.9810149e+08  -8.4574785e-02   7.8023780e-01
   9.9812537e+08  -8.7940732e-02   7.7893575e-01
   9.9814925e+08  -8.4627764e-02   7.8116391e-01
   9.9817313e+08  -7.9322498e-02   7.8276165e-01
   9.9819701e+08  -8.5362599e-02   7.7900121e-01
   9.9822090e+08  -8.5703362e-02   7.7467037e-01
   9.9824478e+08  -8.0516350e-02   7.8389425e-01
   9.9826866e+08  -8.2271703e-02   7.7964942e-01
   9.9829254e+08  -7.9384565e-02   7.8213645e-01
   9.9831642e+08  -8.1449802e-02   7.7814085e-01
   9.9834030e+08  -7.4635482e-02   7.8174408e-01
   9.9836418e+08  -7.0093642e-02   7.7797260e-01
   9.9838806e+08  -7.9763191e-02   7.7484719e-01
   9.9841194e+08  -7.7154450e-02   7.8556865e-01
   9.9843582e+08  -7.4461702e-02   7.7967804e-01
   9.9845970e+08  -7.1821048e-02   7.7993295e-01
   9.9848358e+08  -7.2670431e-02   7.7157608e-01
   9.9850746e+08  -7.3790157e-02   7.7798245e-01
   9.9853134e+08  -6.8152935e-02   7.7526820e-01
   9.9855522e+08  -6.1239911e-02   7.7667631e-01
   9.9857910e+08  -6.4255452e-02   7.8092076e-01
   9.9860299e+08  -6.6461167e-02   7.7741039e-01
   9.9862687e+08  -5.9291938e-02   7.7370120e-01
   9.9865075e+08  -6.0070867e-02   7.7003000e-01
   9.9867463e+08  -6.3441980e-02   7.7408233e-01
   9.9869851e+08  -5.5341613e-02   7.8238148e-01
   9.9872239e+08  -5.8721817e-02   7.7340185e-01
   9.9874627e+08  -5.5082936e-02   7.6536967e-01
   9.9877015e+08  -5.4725993e-02   7.6528493e-01
   9.9879403e+08  -4.8540982e-02   7.6787639e-01
   9.9881791e+08  -4.9448410e-02   7.6843449e-01
   9.9884179e+08  -4.6971405e-02   7.6753531e-01
   9.9886567e+08  -4.4504529e-02   7.7152002e-01
   9.9888955e+08  -3.8325833e-02   7.6741624e-01
   9.9891343e+08  -5.0024349e-02   7.6427385e-01
   9.9893731e+08  -3.5710317e-02   7.6253000e-01
   9.9896119e+08  -3.5079584e-02   7.6577113e-01
   9.9898507e+08  -3.1318408e-02   7.5734261e-01
   9.9900896e+08  -3.4958091e-02   7.5887021e-01
   9.9903284e+08  -2.1781842e-02   7.6484049e-01
   9.9905672e+08  -2.4928666e-02   7.5687749e-01
   9.9908060e+08  -2.9139939e-02   7.5825426e-01
   9.9910448e+08  -2.1218199e-02   7.5673134e-01
   9.9912836e+08  -2.0176223e-02   7.4884535e-01
   9.9915224e+08  -2.1399301e-02   7.5145190e-01
   9.9917612e+08  -2.3153176e-02   7.5429399e-01
   9.9920000e+08  -1.3949705e-02   7.5061157e-01
   9.9922388e+08  -1.6969148e-02   7.5232251e-01
   9.9924776e+08  -8.2667723e-03   7.4495981e-01
   9.9927164e+08  -6.6187871e-03   7.4259462e-01
   9.9929552e+08  -1.0030751e-02   7.3982434e-01
   9.9931940e+08  -3.8808982e-03   7.3448057e-01
   9.9934328e+08  -2.0890140e-03   7.3294247e-01
   9.9936716e+08  -2.1087065e-03   7.3488525e-01
   9.9939104e+08   9.8014044e-03   7.2779756e-01
   9.9941493e+08   1.0840618e-02   7.2116312e-01
   9.9943881e+08   1.7558212e-02   7.1933484e-01
   9.9946269e+08   1.4399940e-02   7.2008846e-01
   9.9948657e+08   1.9053425e-02   7.0839820e-01
   9.9951045e+08   2.1659956e-02   7.0229469e-01
   9.9953433e+08   2.1487624e-02   7.0865515e-01
   9.9955821e+08   3.3912382e-02   6.9484866e-01
   9.9958209e+08   2.6053441e-02   6.8432185e-01
   9.9960597e+08   3.2089215e-02   6.8336696e-01
   9.9962985e+08   2.9947778e-02   6.6507733e-01
   9.9965373e+08   3.1146520e-02   6.6678528e-01
   9.9967761e+08   3.8870771e-02   6.5904374e-01
   9.9970149e+08   3.7780825e-02   6.4949204e-01
   9.9972537e+08   3.6773019e-02   6.4285749e-01
   9.9974925e+08   3.3239248e-02   6.3198707e-01
   9.9977313e+08   3.3949745e-02   6.1940641e-01
   9.9979701e+08   3.7020386e-02   6.1417679e-01
   9.9982090e+08   2.8373021e-02   6.0465027e-01
   9.9984478e+08   3.0985080e-02   5.8951411e-01
   9.9986866e+08   2.3298934e-02   5.7852566e-01
   9.9989254e+08   1.7220788e-02   5.6902539e-01
   9.9991642e+08   1.1718583e-02   5.6176276e-01
   9.9994030e+08   9.1226848e-03   5.5079338e-01
   9.9996418e+08  -5.8575408e-03   5.4221139e-01
   9.9998806e+08  -1.4279075e-02   5.2793325e-01
   1.0000119e+09  -2.2261962e-02   5.2509143e-01
   1.0000358e+09  -3.6592282e-02   5.1925098e-01
   1.0000597e+09  -4.8217796e-02   5.0862417e-01
   1.0000836e+09  -6.2244603e-02   5.0713750e-01
   1.0001075e+09  -7.6363578e-02   5.1052772e-01
   1.0001313e+09  -9.0496345e-02   5.0103871e-01
   1.0001552e+09  -1.0276709e-01   4.9798603e-01
   1.0001791e+09  -1.1354850e-01   5.0172629e-01
   1.0002030e+09  -1.1970285e-01   5.0346759e-01
   1.0002269e+09  -1.4061650e-01   5.1266705e-01
   1.0002507e+09  -1.4363306e-01   5.0972563e-01
   1.0002746e+09  -1.6379022e-01   5.1327288e-01
   1.0002985e+09  -1.6875957e-01   5.2077505e-01
   1.0003224e+09  -1.7811900e-01   5.2684890e-01
   1.0003463e+09  -1.8403349e-01   5.2675655e-01
   1.0003701e+09  -1.9623538e-01   5.3476304e-01
   1.0003940e+09  -2.0140747e-01   5.4266863e-01
   1.0004179e+09  -2.0558885e-01   5.3964276e-01
   1.0004418e+09  -2.1259906e-01   5.6134953e-01
   1.0004657e+09  -2.1947701e-01   5.6686086e-01
   1.0004896e+09  -2.1860753e-01   5.7000532e-01
   1.0005134e+09  -2.2280349e-01   5.7102668e-01
   1.0005373e+09  -2.2685836e-01   5.8855093e-01
   1.0005612e+09  -2.2887576e-01   5.8919407e-01
   1.0005851e+09  -2.3407795e-01   5.9493160e-01
   1.0006090e+09  -2.3255591e-01   6.0235277e-01
   1.0006328e+09  -2.3626251e-01   6.0561774e-01
   1.0006567e+09  -2.2906559e-01   6.0387630e-01
   1.0006806e+09  -2.2935206e-01   6.1825447e-01
   1.0007045e+09  -2.3447984e-01   6.1617580e-01
   1.0007284e+09  -2.4067712e-01   6.2587114e-01
   1.0007522e+09  -2.3749154e-01   6.2554714e-01
   1.0007761e+09  -2.3755273e-01   6.3156766e-01
   1.0008000e+09  -2.3907898e-01   6.4237717e-01
   1.0008239e+09  -2.3812592e-01   6.4793275e-01
   1.0008478e+09  -2.3558627e-01   6.4566445e-01
   1.0008716e+09  -2.3800004e-01   6.4831892e-01
   1.0008955e+09  -2.4326478e-01   6.5845760e-01
   1.0009194e+09  -2.3820407e-01   6.5837142e-01
   1.0009433e+09  -2.3453357e-01   6.6389777e-01
   1.0009672e+09  -2.3601335e-01   6.6930587e-01
   1.0009910e+09  -2.3341579e-01   6.6869071e-01
   1.0010149e+09  -2.3855548e-01   6.6836986e-01
   1.0010388e+09  -2.3128055e-01   6.6768449e-01
   1.0010627e+09  -2.3493311e-01   6.6908755e-01
   1.0010866e+09  -2.3056831e-01   6.8150821e-01
   1.0011104e+09  -2.3348204e-01   6.8059332e-01
   1.0011343e+09  -2.4157044e-01   6.8518141e-01
   1.0011582e+09  -2.3981509e-01   6.7711803e-01
   1.0011821e+09  -2.3105662e-01   6.8406472e-01
   1.0012060e+09  -2.2915239e-01   6.9182724e-01
   1.0012299e+09  -2.2683839e-01   6.8892723e-01
   1.0012537e+09  -2.2754295e-01   6.9358641e-01
   1.0012776e+09  -2.2547163e-01   6.9691378e-01
   1.0013015e+09  -2.2447878e-01   6.9627103e-01
   1.0013254e+09  -2.2743623e-01   7.0195342e-01
   1.0013493e+09  -2.3368919e-01   6.9819848e-01
   1.0013731e+09  -2.2994393e-01   7.0016176e-01
   1.0013970e+09  -2.2243457e-01   7.0590876e-01
   1.0014209e+09  -2.2759644e-01   7.0274650e-01
   1.0014448e+09  -2.2281150e-01   7.0475074e-01
   1.0014687e+09  -2.2152306e-01   7.0851825e-01
   1.0014925e+09  -2.2517879e-01   7.0775493e-01
   1.0015164e+09  -2.2873740e-01   7.1366007e-01
   1.0015403e+09  -2.2274134e-01   7.0654452e-01
   1.0015642e+09  -2.2074048e-01   7.0689840e-01
   1.0015881e+09  -2.1925026e-01   7.1107671e-01
   1.0016119e+09  -2.1082043e-01   7.1815630e-01
   1.0016358e+09  -2.2669647e-01   7.1672986e-01
   1.0016597e+09  -2.2217232e-01   7.1527246e-01
   1.0016836e+09  -2.1601755e-01   7.1978943e-01
   1.0017075e+09  -2.1694167e-01   7.2365971e-01
   1.0017313e+09  -2.1706324e-01   7.2015705e-01
   1.0017552e+09  -2.1240889e-01   7.2018399e-01
   1.0017791e+09  -2.1104905e-01   7.2188191e-01
   1.0018030e+09  -2.1634853e-01   7.1518791e-01
   1.0018269e+09  -2.0642858e-01   7.2023856e-01
   1.0018507e+09  -2.1206421e-01   7.2514818e-01
   1.0018746e+09  -2.1146754e-01   7.2071807e-01
   1.0018985e+09  -2.1297055e-01   7.2421171e-01
   1.0019224e+09  -2.0554561e-01   7.2232601e-01
   1.0019463e+09  -2.0746483e-01   7.2715547e-01
   1.0019701e+09  -2.1053849e-01   7.2300409e-01
   1.0019940e+09  -2.1019753e-01   7.2709128e-01
   1.0020179e+09  -2.1387673e-01   7.2871629e-01
   1.0020418e+09  -2.1108646e-01   7.2832563e-01
   1.0020657e+09  -2.0649617e-01   7.2606594e-01
   1.0020896e+09  -2.0821636e-01   7.3109039e-01
   1.0021134e+09  -2.1320737e-01   7.3408862e-01
   1.0021373e+09  -1.9767479e-01   7.3437651e-01
   1.0021612e+09  -2.0689646e-01   7.3304440e-01
   1.0021851e+09  -2.0898454e-01   7.3869777e-01
   1.0022090e+09  -2.0154610e-01   7.3535969e-01
   1.0022328e+09  -2.0752380e-01   7.3421141e-01
   1.0022567e+09  -2.0596403e-01   7.3247098e-01
   1.0022806e+09  -2.0557501e-01   7.3042535e-01
   1.0023045e+09  -2.0634855e-01   7.3377713e-01
   1.0023284e+09  -2.0872415e-01   7.3712355e-01
   1.0023522e+09  -2.0272395e-01   7.3789290e-01
   1.0023761e+09  -2.0094937e-01   7.3760384e-01
   1.0024000e+09  -2.0674655e-01   7.3267493e-01
