   9.7000000e+08  -1.7125269e-01  -7.4840491e-01
   9.7029851e+08  -1.7312195e-01  -7.4726762e-01
   9.7059701e+08  -1.7502706e-01  -7.4609809e-01
   9.7089552e+08  -1.7696902e-01  -7.4489505e-01
   9.7119403e+08  -1.7894882e-01  -7.4365714e-01
   9.7149254e+08  -1.8096750e-01  -7.4238295e-01
   9.7179104e+08  -1.8302616e-01  -7.4107099e-01
   9.7208955e+08  -1.8512588e-01  -7.3971970e-01
   9.7238806e+08  -1.8726784e-01  -7.3832742e-01
   9.7268657e+08  -1.8945320e-01  -7.3689241e-01
   9.7298507e+08  -1.9168321e-01  -7.3541285e-01
   9.7328358e+08  -1.9395912e-01  -7.3388680e-01
   9.7358209e+08  -1.9628224e-01  -7.3231222e-01
   9.7388060e+08  -1.9865393e-01  -7.3068697e-01
   9.7417910e+08  -2.0107557e-01  -7.2900877e-01
   9.7447761e+08  -2.0354861e-01  -7.2727522e-01
   9.7477612e+08  -2.0607454e-01  -7.2548378e-01
   9.7507463e+08  -2.0865487e-01  -7.2363177e-01
   9.7537313e+08  -2.1129121e-01  -7.2171634e-01
   9.7567164e+08  -2.1398516e-01  -7.1973447e-01
   9.7597015e+08  -2.1673841e-01  -7.1768299e-01
   9.7626866e+08  -2.1955268e-01  -7.1555848e-01
   9.7656716e+08  -2.2242976e-01  -7.1335737e-01
   9.7686567e+08  -2.2537146e-01  -7.1107584e-01
   9.7716418e+08  -2.2837965e-01  -7.0870981e-01
   9.7746269e+08  -2.3145627e-01  -7.0625499e-01
   9.7776119e+08  -2.3460327e-01  -7.0370678e-01
   9.7805970e+08  -2.3782267e-01  -7.0106028e-01
   9.7835821e+08  -2.4111654e-01  -6.9831029e-01
   9.7865672e+08  -2.4448695e-01  -6.9545125e-01
   9.7895522e+08  -2.4793605e-01  -6.9247724e-01
   9.7925373e+08  -2.5146599e-01  -6.8938191e-01
   9.7955224e+08  -2.5507896e-01  -6.8615851e-01
   9.7985075e+08  -2.5877714e-01  -6.8279980e-01
   9.8014925e+08  -2.6256276e-01  -6.7929804e-01
   9.8044776e+08  -2.6643799e-01  -6.7564493e-01
   9.8074627e+08  -2.7040502e-01  -6.7183159e-01
   9.8104478e+08  -2.7446598e-01  -6.6784850e-01
   9.8134328e+08  -2.7862296e-01  -6.6368542e-01
   9.8164179e+08  -2.8287793e-01  -6.5933136e-01
   9.8194030e+08  -2.8723278e-01  -6.5477453e-01
   9.8223881e+08  -2.9168925e-01  -6.5000221e-01
   9.8253731e+08  -2.9624888e-01  -6.4500076e-01
   9.8283582e+08  -3.0091298e-01  -6.3975545e-01
   9.8313433e+08  -3.0568254e-01  -6.3425042e-01
   9.8343284e+08  -3.1055824e-01  -6.2846856e-01
   9.8373134e+08  -3.1554026e-01  -6.2239143e-01
   9.8402985e+08  -3.2062828e-01  -6.1599911e-01
   9.8432836e+08  -3.2582132e-01  -6.0927009e-01
   9.8462687e+08  -3.3111763e-01  -6.0218112e-01
   9.8492537e+08  -3.3651450e-01  -5.9470709e-01
   9.8522388e+08  -3.4200812e-01  -5.8682084e-01
   9.8552239e+08  -3.4759337e-01  -5.7849302e-01
   9.8582090e+08  -3.5326351e-01  -5.6969190e-01
   9.8611940e+08  -3.5900995e-01  -5.6038317e-01
   9.8641791e+08  -3.6482187e-01  -5.5052977e-01
   9.8671642e+08  -3.7068578e-01  -5.4009167e-01
   9.8701493e+08  -3.7658511e-01  -5.2902571e-01
   9.8731343e+08  -3.8249959e-01  -5.1728538e-01
   9.8761194e+08  -3.8840460e-01  -5.0482063e-01
   9.8791045e+08  -3.9427040e-01  -4.9157777e-01
   9.8820896e+08  -4.0006120e-01  -4.7749934e-01
   9.8850746e+08  -4.0573416e-01  -4.6252407e-01
   9.8880597e+08  -4.1123810e-01  -4.4658692e-01
   9.8910448e+08  -4.1651211e-01  -4.2961930e-01
   9.8940299e+08  -4.2148395e-01  -4.1154939e-01
   9.8970149e+08  -4.2606815e-01  -3.9230277e-01
   9.9000000e+08  -4.3016393e-01  -3.7180328e-01
   9.9029851e+08  -4.3365287e-01  -3.4997441e-01
   9.9059701e+08  -4.3639629e-01  -3.2674112e-01
   9.9089552e+08  -4.3823253e-01  -3.0203237e-01
   9.9119403e+08  -4.3897406e-01  -2.7578454e-01
   9.9149254e+08  -4.3840458e-01  -2.4794583e-01
   9.9179104e+08  -4.3627636e-01  -2.1848196e-01
   9.9208955e+08  -4.3230815e-01  -1.8738339e-01
   9.9238806e+08  -4.2618393e-01  -1.5467414e-01
   9.9268657e+08  -4.1755329e-01  -1.2042249e-01
   9.9298507e+08  -4.0603403e-01  -8.4753466e-02
   9.9328358e+08  -3.9121801e-01  -4.7862919e-02
   9.9358209e+08  -3.7268127e-01  -1.0032670e-02
   9.9388060e+08  -3.4999962e-01   2.8354387e-02
   9.9417910e+08  -3.2277058e-01   6.6800833e-02
   9.9447761e+08  -2.9064243e-01   1.0468528e-01
   9.9477612e+08  -2.5335002e-01   1.4126000e-01
   9.9507463e+08  -2.1075598e-01   1.7565904e-01
   9.9537313e+08  -1.6289419e-01   2.0692032e-01
   9.9567164e+08  -1.1001043e-01   2.3402417e-01
   9.9597015e+08  -5.2593419e-02   2.5594873e-01
   9.9626866e+08   8.6111752e-03   2.7173986e-01
   9.9656716e+08   7.2610739e-02   2.8058916e-01
   9.9686567e+08   1.3820377e-01   2.8191035e-01
   9.9716418e+08   2.0404543e-01   2.7540243e-01
   9.9746269e+08   2.6873461e-01   2.6108823e-01
   9.9776119e+08   3.3091121e-01   2.3932080e-01
   9.9805970e+08   3.8935007e-01   2.1075535e-01
   9.9835821e+08   4.4303804e-01   1.7629152e-01
   9.9865672e+08   4.9122459e-01   1.3699554e-01
   9.9895522e+08   5.3344195e-01   9.4014858e-02
   9.9925373e+08   5.6949654e-01   4.8497245e-02
   9.9955224e+08   5.9943764e-01   1.5235156e-03
   9.9985075e+08   6.2351189e-01  -4.5941046e-02
   1.0001493e+09   6.4211197e-01  -9.3075527e-02
   1.0004478e+09   6.5572624e-01  -1.3921453e-01
   1.0007463e+09   6.6489433e-01  -1.8384540e-01
   1.0010448e+09   6.7017092e-01  -2.2659589e-01
   1.0013433e+09   6.7209866e-01  -2.6721625e-01
   1.0016418e+09   6.7118935e-01  -3.0555907e-01
   1.0019403e+09   6.6791241e-01  -3.4155919e-01
   1.0022388e+09   6.6268896e-01  -3.7521507e-01
   1.0025373e+09   6.5589011e-01  -4.0657257e-01
   1.0028358e+09   6.4783810e-01  -4.3571134e-01
   1.0031343e+09   6.3880932e-01  -4.6273370e-01
   1.0034328e+09   6.2903828e-01  -4.8775603e-01
   1.0037313e+09   6.1872213e-01  -5.1090203e-01
   1.0040299e+09   6.0802523e-01  -5.3229784e-01
   1.0043284e+09   5.9708345e-01  -5.5206839e-01
   1.0046269e+09   5.8600831e-01  -5.7033496e-01
   1.0049254e+09   5.7489056e-01  -5.8721348e-01
   1.0052239e+09   5.6380344e-01  -6.0281352e-01
   1.0055224e+09   5.5280550e-01  -6.1723777e-01
   1.0058209e+09   5.4194301e-01  -6.3058176e-01
   1.0061194e+09   5.3125204e-01  -6.4293396e-01
   1.0064179e+09   5.2076024e-01  -6.5437591e-01
   1.0067164e+09   5.1048829e-01  -6.6498259e-01
   1.0070149e+09   5.0045119e-01  -6.7482272e-01
   1.0073134e+09   4.9065926e-01  -6.8395922e-01
   1.0076119e+09   4.8111905e-01  -6.9244957e-01
   1.0079104e+09   4.7183403e-01  -7.0034630e-01
   1.0082090e+09   4.6280520e-01  -7.0769732e-01
   1.0085075e+09   4.5403162e-01  -7.1454638e-01
   1.0088060e+09   4.4551077e-01  -7.2093335e-01
   1.0091045e+09   4.3723892e-01  -7.2689464e-01
   1.0094030e+09   4.2921139e-01  -7.3246345e-01
   1.0097015e+09   4.2142280e-01  -7.3767012e-01
   1.0100000e+09   4.1386724e-01  -7.4254233e-01
   1.0102985e+09   4.0653843e-01  -7.4710539e-01
   1.0105970e+09   3.9942984e-01  -7.5138244e-01
   1.0108955e+09   3.9253479e-01  -7.5539466e-01
   1.0111940e+09   3.8584652e-01  -7.5916143e-01
   1.0114925e+09   3.7935830e-01  -7.6270052e-01
   1.0117910e+09   3.7306341e-01  -7.6602824e-01
   1.0120896e+09   3.6695524e-01  -7.6915953e-01
   1.0123881e+09   3.6102729e-01  -7.7210814e-01
   1.0126866e+09   3.5527322e-01  -7.7488670e-01
   1.0129851e+09   3.4968682e-01  -7.7750683e-01
   1.0132836e+09   3.4426210e-01  -7.7997924e-01
   1.0135821e+09   3.3899320e-01  -7.8231380e-01
   1.0138806e+09   3.3387449e-01  -7.8451962e-01
   1.0141791e+09   3.2890052e-01  -7.8660509e-01
   1.0144776e+09   3.2406602e-01  -7.8857800e-01
   1.0147761e+09   3.1936593e-01  -7.9044552e-01
   1.0150746e+09   3.1479536e-01  -7.9221431e-01
   1.0153731e+09   3.1034963e-01  -7.9389054e-01
   1.0156716e+09   3.0602422e-01  -7.9547991e-01
   1.0159701e+09   3.0181481e-01  -7.9698774e-01
   1.0162687e+09   2.9771722e-01  -7.9841895e-01
   1.0165672e+09   2.9372748e-01  -7.9977811e-01
   1.0168657e+09   2.8984173e-01  -8.0106949e-01
   1.0171642e+09   2.8605632e-01  -8.0229706e-01
   1.0174627e+09   2.8236771e-01  -8.0346451e-01
   1.0177612e+09   2.7877253e-01  -8.0457527e-01
   1.0180597e+09   2.7526751e-01  -8.0563258e-01
   1.0183582e+09   2.7184957e-01  -8.0663942e-01
   1.0186567e+09   2.6851571e-01  -8.0759861e-01
   1.0189552e+09   2.6526307e-01  -8.0851276e-01
   1.0192537e+09   2.6208891e-01  -8.0938433e-01
   1.0195522e+09   2.5899059e-01  -8.1021561e-01
   1.0198507e+09   2.5596559e-01  -8.1100876e-01
   1.0201493e+09   2.5301148e-01  -8.1176580e-01
   1.0204478e+09   2.5012594e-01  -8.1248862e-01
   1.0207463e+09   2.4730674e-01  -8.1317899e-01
   1.0210448e+09   2.4455173e-01  -8.1383859e-01
   1.0213433e+09   2.4185886e-01  -8.1446898e-01
   1.0216418e+09   2.3922614e-01  -8.1507164e-01
   1.0219403e+09   2.3665168e-01  -8.1564796e-01
   1.0222388e+09   2.3413366e-01  -8.1619925e-01
   1.0225373e+09   2.3167032e-01  -8.1672674e-01
   1.0228358e+09   2.2925998e-01  -8.1723158e-01
   1.0231343e+09   2.2690102e-01  -8.1771488e-01
   1.0234328e+09   2.2459187e-01  -8.1817767e-01
   1.0237313e+09   2.2233105e-01  -8.1862093e-01
   1.0240299e+09   2.2011710e-01  -8.1904556e-01
   1.0243284e+09   2.1794864e-01  -8.1945246e-01
   1.0246269e+09   2.1582433e-01  -8.1984243e-01
   1.0249254e+09   2.1374289e-01  -8.2021627e-01
   1.0252239e+09   2.1170308e-01  -8.2057470e-01
   1.0255224e+09   2.0970370e-01  -8.2091842e-01
   1.0258209e+09   2.0774360e-01  -8.2124810e-01
   1.0261194e+09   2.0582168e-01  -8.2156437e-01
   1.0264179e+09   2.0393686e-01  -8.2186781e-01
   1.0267164e+09   2.0208812e-01  -8.2215900e-01
   1.0270149e+09   2.0027446e-01  -8.2243846e-01
   1.0273134e+09   1.9849492e-01  -8.2270671e-01
   1.0276119e+09   1.9674857e-01  -8.2296423e-01
   1.0279104e+09   1.9503452e-01  -8.2321147e-01
   1.0282090e+09   1.9335191e-01  -8.2344888e-01
   1.0285075e+09   1.9169990e-01  -8.2367687e-01
   1.0288060e+09   1.9007769e-01  -8.2389583e-01
   1.0291045e+09   1.8848450e-01  -8.2410614e-01
   1.0294030e+09   1.8691957e-01  -8.2430816e-01
   1.0297015e+09   1.8538219e-01  -8.2450222e-01
   1.0300000e+09   1.8387165e-01  -8.2468865e-01
