   9.7000000e+08  -7.0729724e-01   2.9861013e-01
   9.7029851e+08  -7.0585263e-01   3.0025350e-01
   9.7059701e+08  -7.0437005e-01   3.0192658e-01
   9.7089552e+08  -7.0284807e-01   3.0363013e-01
   9.7119403e+08  -7.0128518e-01   3.0536489e-01
   9.7149254e+08  -6.9967981e-01   3.0713164e-01
   9.7179104e+08  -6.9803030e-01   3.0893121e-01
   9.7208955e+08  -6.9633492e-01   3.1076438e-01
   9.7238806e+08  -6.9459185e-01   3.1263203e-01
   9.7268657e+08  -6.9279916e-01   3.1453500e-01
   9.7298507e+08  -6.9095484e-01   3.1647421e-01
   9.7328358e+08  -6.8905676e-01   3.1845055e-01
   9.7358209e+08  -6.8710270e-01   3.2046495e-01
   9.7388060e+08  -6.8509030e-01   3.2251839e-01
   9.7417910e+08  -6.8301708e-01   3.2461182e-01
   9.7447761e+08  -6.8088043e-01   3.2674627e-01
   9.7477612e+08  -6.7867758e-01   3.2892274e-01
   9.7507463e+08  -6.7640564e-01   3.3114227e-01
   9.7537313e+08  -6.7406151e-01   3.3340595e-01
   9.7567164e+08  -6.7164195e-01   3.3571482e-01
   9.7597015e+08  -6.6914354e-01   3.3807001e-01
   9.7626866e+08  -6.6656262e-01   3.4047261e-01
   9.7656716e+08  -6.6389535e-01   3.4292376e-01
   9.7686567e+08  -6.6113766e-01   3.4542458e-01
   9.7716418e+08  -6.5828521e-01   3.4797622e-01
   9.7746269e+08  -6.5533343e-01   3.5057982e-01
   9.7776119e+08  -6.5227746e-01   3.5323652e-01
   9.7805970e+08  -6.4911213e-01   3.5594745e-01
   9.7835821e+08  -6.4583194e-01   3.5871375e-01
   9.7865672e+08  -6.4243107e-01   3.6153649e-01
   9.7895522e+08  -6.3890331e-01   3.6441676e-01
   9.7925373e+08  -6.3524204e-01   3.6735557e-01
   9.7955224e+08  -6.3144022e-01   3.7035391e-01
   9.7985075e+08  -6.2749036e-01   3.7341267e-01
   9.8014925e+08  -6.2338443e-01   3.7653271e-01
   9.8044776e+08  -6.1911389e-01   3.7971471e-01
   9.8074627e+08  -6.1466962e-01   3.8295929e-01
   9.8104478e+08  -6.1004186e-01   3.8626690e-01
   9.8134328e+08  -6.0522018e-01   3.8963781e-01
   9.8164179e+08  -6.0019340e-01   3.9307207e-01
   9.8194030e+08  -5.9494958e-01   3.9656947e-01
   9.8223881e+08  -5.8947591e-01   4.0012953e-01
   9.8253731e+08  -5.8375867e-01   4.0375140e-01
   9.8283582e+08  -5.7778314e-01   4.0743380e-01
   9.8313433e+08  -5.7153351e-01   4.1117496e-01
   9.8343284e+08  -5.6499284e-01   4.1497258e-01
   9.8373134e+08  -5.5814291e-01   4.1882363e-01
   9.8402985e+08  -5.5096418e-01   4.2272434e-01
   9.8432836e+08  -5.4343563e-01   4.2667000e-01
   9.8462687e+08  -5.3553466e-01   4.3065486e-01
   9.8492537e+08  -5.2723702e-01   4.3467189e-01
   9.8522388e+08  -5.1851663e-01   4.3871262e-01
   9.8552239e+08  -5.0934546e-01   4.4276690e-01
   9.8582090e+08  -4.9969344e-01   4.4682260e-01
   9.8611940e+08  -4.8952827e-01   4.5086530e-01
   9.8641791e+08  -4.7881533e-01   4.5487790e-01
   9.8671642e+08  -4.6751755e-01   4.5884016e-01
   9.8701493e+08  -4.5559530e-01   4.6272829e-01
   9.8731343e+08  -4.4300630e-01   4.6651423e-01
   9.8761194e+08  -4.2970552e-01   4.7016504e-01
   9.8791045e+08  -4.1564526e-01   4.7364213e-01
   9.8820896e+08  -4.0077515e-01   4.7690026e-01
   9.8850746e+08  -3.8504229e-01   4.7988661e-01
   9.8880597e+08  -3.6839151e-01   4.8253947e-01
   9.8910448e+08  -3.5076585e-01   4.8478696e-01
   9.8940299e+08  -3.3210711e-01   4.8654546e-01
   9.8970149e+08  -3.1235685e-01   4.8771788e-01
   9.9000000e+08  -2.9145757e-01   4.8819174e-01
   9.9029851e+08  -2.6935448e-01   4.8783713e-01
   9.9059701e+08  -2.4599777e-01   4.8650445e-01
   9.9089552e+08  -2.2134554e-01   4.8402216e-01
   9.9119403e+08  -1.9536771e-01   4.8019454e-01
   9.9149254e+08  -1.6805082e-01   4.7479957e-01
   9.9179104e+08  -1.3940413e-01   4.6758734e-01
   9.9208955e+08  -1.0946709e-01   4.5827920e-01
   9.9238806e+08  -7.8318229e-02   4.4656812e-01
   9.9268657e+08  -4.6085634e-02   4.3212086e-01
   9.9298507e+08  -1.2958801e-02   4.1458275e-01
   9.9328358e+08   2.0798521e-02   3.9358584e-01
   9.9358209e+08   5.4835172e-02   3.6876156e-01
   9.9388060e+08   8.8700416e-02   3.3975865e-01
   9.9417910e+08   1.2183450e-01   3.0626713e-01
   9.9447761e+08   1.5356440e-01   2.6804851e-01
   9.9477612e+08   1.8310771e-01   2.2497152e-01
   9.9507463e+08   2.0958778e-01   1.7705125e-01
   9.9537313e+08   2.3206301e-01   1.2448812e-01
   9.9567164e+08   2.4957193e-01   6.7701254e-02
   9.9597015e+08   2.6119305e-01   7.3493762e-03
   9.9626866e+08   2.6611621e-01  -5.5667484e-02
   9.9656716e+08   2.6371766e-01  -1.2023142e-01
   9.9686567e+08   2.5362867e-01  -1.8505736e-01
   9.9716418e+08   2.3578633e-01  -2.4876865e-01
   9.9746269e+08   2.1045644e-01  -3.0998942e-01
   9.9776119e+08   1.7822285e-01  -3.6744155e-01
   9.9805970e+08   1.3994357e-01  -4.2003225e-01
   9.9835821e+08   9.6680507e-02  -4.6692000e-01
   9.9865672e+08   4.9614015e-02  -5.0755081e-01
   9.9895522e+08  -4.4661452e-05  -5.4166328e-01
   9.9925373e+08  -5.1131573e-02  -5.6926607e-01
   9.9955224e+08  -1.0259088e-01  -5.9059539e-01
   9.9985075e+08  -1.5351480e-01  -6.0606176e-01
   1.0001493e+09  -2.0316307e-01  -6.1619445e-01
   1.0004478e+09  -2.5096522e-01  -6.2158994e-01
   1.0007463e+09  -2.9651006e-01  -6.2286867e-01
   1.0010448e+09  -3.3952735e-01  -6.2064155e-01
   1.0013433e+09  -3.7986534e-01  -6.1548636e-01
   1.0016418e+09  -4.1746775e-01  -6.0793270e-01
   1.0019403e+09  -4.5235191e-01  -5.9845419e-01
   1.0022388e+09  -4.8458944e-01  -5.8746581e-01
   1.0025373e+09  -5.1428994e-01  -5.7532508e-01
   1.0028358e+09  -5.4158781e-01  -5.6233550e-01
   1.0031343e+09  -5.6663181e-01  -5.4875151e-01
   1.0034328e+09  -5.8957727e-01  -5.3478383e-01
   1.0037313e+09  -6.1058025e-01  -5.2060514e-01
   1.0040299e+09  -6.2979351e-01  -5.0635541e-01
   1.0043284e+09  -6.4736368e-01  -4.9214674e-01
   1.0046269e+09  -6.6342957e-01  -4.7806790e-01
   1.0049254e+09  -6.7812109e-01  -4.6418813e-01
   1.0052239e+09  -6.9155887e-01  -4.5056053e-01
   1.0055224e+09  -7.0385421e-01  -4.3722493e-01
   1.0058209e+09  -7.1510922e-01  -4.2421030e-01
   1.0061194e+09  -7.2541730e-01  -4.1153682e-01
   1.0064179e+09  -7.3486354e-01  -3.9921754e-01
   1.0067164e+09  -7.4352537e-01  -3.8725981e-01
   1.0070149e+09  -7.5147308e-01  -3.7566648e-01
   1.0073134e+09  -7.5877043e-01  -3.6443677e-01
   1.0076119e+09  -7.6547515e-01  -3.5356716e-01
   1.0079104e+09  -7.7163959e-01  -3.4305195e-01
   1.0082090e+09  -7.7731109e-01  -3.3288380e-01
   1.0085075e+09  -7.8253258e-01  -3.2305418e-01
   1.0088060e+09  -7.8734289e-01  -3.1355370e-01
   1.0091045e+09  -7.9177722e-01  -3.0437235e-01
   1.0094030e+09  -7.9586746e-01  -2.9549976e-01
   1.0097015e+09  -7.9964255e-01  -2.8692537e-01
   1.0100000e+09  -8.0312874e-01  -2.7863854e-01
   1.0102985e+09  -8.0634984e-01  -2.7062871e-01
   1.0105970e+09  -8.0932752e-01  -2.6288541e-01
   1.0108955e+09  -8.1208147e-01  -2.5539840e-01
   1.0111940e+09  -8.1462961e-01  -2.4815765e-01
   1.0114925e+09  -8.1698826e-01  -2.4115344e-01
   1.0117910e+09  -8.1917233e-01  -2.3437633e-01
   1.0120896e+09  -8.2119538e-01  -2.2781721e-01
   1.0123881e+09  -8.2306981e-01  -2.2146730e-01
   1.0126866e+09  -8.2480698e-01  -2.1531816e-01
   1.0129851e+09  -8.2641723e-01  -2.0936165e-01
   1.0132836e+09  -8.2791009e-01  -2.0359001e-01
   1.0135821e+09  -8.2929425e-01  -1.9799577e-01
   1.0138806e+09  -8.3057770e-01  -1.9257178e-01
   1.0141791e+09  -8.3176777e-01  -1.8731124e-01
   1.0144776e+09  -8.3287120e-01  -1.8220760e-01
   1.0147761e+09  -8.3389419e-01  -1.7725462e-01
   1.0150746e+09  -8.3484244e-01  -1.7244634e-01
   1.0153731e+09  -8.3572121e-01  -1.6777708e-01
   1.0156716e+09  -8.3653533e-01  -1.6324139e-01
   1.0159701e+09  -8.3728930e-01  -1.5883410e-01
   1.0162687e+09  -8.3798722e-01  -1.5455023e-01
   1.0165672e+09  -8.3863293e-01  -1.5038509e-01
   1.0168657e+09  -8.3922993e-01  -1.4633413e-01
   1.0171642e+09  -8.3978152e-01  -1.4239306e-01
   1.0174627e+09  -8.4029072e-01  -1.3855776e-01
   1.0177612e+09  -8.4076031e-01  -1.3482432e-01
   1.0180597e+09  -8.4119291e-01  -1.3118895e-01
   1.0183582e+09  -8.4159094e-01  -1.2764810e-01
   1.0186567e+09  -8.4195664e-01  -1.2419833e-01
   1.0189552e+09  -8.4229208e-01  -1.2083636e-01
   1.0192537e+09  -8.4259922e-01  -1.1755908e-01
   1.0195522e+09  -8.4287986e-01  -1.1436348e-01
   1.0198507e+09  -8.4313567e-01  -1.1124670e-01
   1.0201493e+09  -8.4336824e-01  -1.0820602e-01
   1.0204478e+09  -8.4357901e-01  -1.0523880e-01
   1.0207463e+09  -8.4376934e-01  -1.0234255e-01
   1.0210448e+09  -8.4394052e-01  -9.9514852e-02
   1.0213433e+09  -8.4409372e-01  -9.6753426e-02
   1.0216418e+09  -8.4423005e-01  -9.4056052e-02
   1.0219403e+09  -8.4435057e-01  -9.1420627e-02
   1.0222388e+09  -8.4445623e-01  -8.8845131e-02
   1.0225373e+09  -8.4454795e-01  -8.6327617e-02
   1.0228358e+09  -8.4462657e-01  -8.3866231e-02
   1.0231343e+09  -8.4469290e-01  -8.1459185e-02
   1.0234328e+09  -8.4474768e-01  -7.9104753e-02
   1.0237313e+09  -8.4479162e-01  -7.6801309e-02
   1.0240299e+09  -8.4482535e-01  -7.4547258e-02
   1.0243284e+09  -8.4484952e-01  -7.2341084e-02
   1.0246269e+09  -8.4486468e-01  -7.0181330e-02
   1.0249254e+09  -8.4487141e-01  -6.8066595e-02
   1.0252239e+09  -8.4487018e-01  -6.5995533e-02
   1.0255224e+09  -8.4486149e-01  -6.3966842e-02
   1.0258209e+09  -8.4484579e-01  -6.1979272e-02
   1.0261194e+09  -8.4482352e-01  -6.0031631e-02
   1.0264179e+09  -8.4479506e-01  -5.8122753e-02
   1.0267164e+09  -8.4476079e-01  -5.6251535e-02
   1.0270149e+09  -8.4472107e-01  -5.4416901e-02
   1.0273134e+09  -8.4467623e-01  -5.2617815e-02
   1.0276119e+09  -8.4462658e-01  -5.0853278e-02
   1.0279104e+09  -8.4457243e-01  -4.9122336e-02
   1.0282090e+09  -8.4451405e-01  -4.7424063e-02
   1.0285075e+09  -8.4445171e-01  -4.5757560e-02
   1.0288060e+09  -8.4438565e-01  -4.4121973e-02
   1.0291045e+09  -8.4431611e-01  -4.2516468e-02
   1.0294030e+09  -8.4424331e-01  -4.0940232e-02
   1.0297015e+09  -8.4416746e-01  -3.9392510e-02
   1.0300000e+09  -8.4408875e-01  -3.7872545e-02
