   9.7000000e+08  -9.5044666e-02   7.6184244e-01
   9.7029851e+08  -9.2899160e-02   7.6141306e-01
   9.7059701e+08  -9.0708939e-02   7.6096565e-01
   9.7089552e+08  -8.8472630e-02   7.6049935e-01
   9.7119403e+08  -8.6188836e-02   7.6001323e-01
   9.7149254e+08  -8.3856099e-02   7.5950631e-01
   9.7179104e+08  -8.1472874e-02   7.5897757e-01
   9.7208955e+08  -7.9037614e-02   7.5842592e-01
   9.7238806e+08  -7.6548643e-02   7.5785020e-01
   9.7268657e+08  -7.4004274e-02   7.5724917e-01
   9.7298507e+08  -7.1402710e-02   7.5662155e-01
   9.7328358e+08  -6.8742115e-02   7.5596594e-01
   9.7358209e+08  -6.6020558e-02   7.5528087e-01
   9.7388060e+08  -6.3236030e-02   7.5456480e-01
   9.7417910e+08  -6.0386455e-02   7.5381606e-01
   9.7447761e+08  -5.7469648e-02   7.5303288e-01
   9.7477612e+08  -5.4483342e-02   7.5221340e-01
   9.7507463e+08  -5.1425200e-02   7.5135560e-01
   9.7537313e+08  -4.8292735e-02   7.5045737e-01
   9.7567164e+08  -4.5083411e-02   7.4951641e-01
   9.7597015e+08  -4.1794555e-02   7.4853031e-01
   9.7626866e+08  -3.8423381e-02   7.4749646e-01
   9.7656716e+08  -3.4966986e-02   7.4641211e-01
   9.7686567e+08  -3.1422363e-02   7.4527430e-01
   9.7716418e+08  -2.7786359e-02   7.4407982e-01
   9.7746269e+08  -2.4055684e-02   7.4282531e-01
   9.7776119e+08  -2.0226932e-02   7.4150711e-01
   9.7805970e+08  -1.6296529e-02   7.4012132e-01
   9.7835821e+08  -1.2260752e-02   7.3866374e-01
   9.7865672e+08  -8.1157534e-03   7.3712987e-01
   9.7895522e+08  -3.8574883e-03   7.3551488e-01
   9.7925373e+08   5.1823552e-04   7.3381353e-01
   9.7955224e+08   5.0157845e-03   7.3202023e-01
   9.7985075e+08   9.6396834e-03   7.3012893e-01
   9.8014925e+08   1.4394675e-02   7.2813311e-01
   9.8044776e+08   1.9285637e-02   7.2602571e-01
   9.8074627e+08   2.4317665e-02   7.2379915e-01
   9.8104478e+08   2.9496016e-02   7.2144520e-01
   9.8134328e+08   3.4826157e-02   7.1895496e-01
   9.8164179e+08   4.0313697e-02   7.1631876e-01
   9.8194030e+08   4.5964445e-02   7.1352619e-01
   9.8223881e+08   5.1784387e-02   7.1056588e-01
   9.8253731e+08   5.7779634e-02   7.0742554e-01
   9.8283582e+08   6.3956456e-02   7.0409178e-01
   9.8313433e+08   7.0321208e-02   7.0055003e-01
   9.8343284e+08   7.6880379e-02   6.9678444e-01
   9.8373134e+08   8.3640448e-02   6.9277776e-01
   9.8402985e+08   9.0607925e-02   6.8851115e-01
   9.8432836e+08   9.7789247e-02   6.8396406e-01
   9.8462687e+08   1.0519072e-01   6.7911405e-01
   9.8492537e+08   1.1281839e-01   6.7393660e-01
   9.8522388e+08   1.2067796e-01   6.6840488e-01
   9.8552239e+08   1.2877466e-01   6.6248956e-01
   9.8582090e+08   1.3711301e-01   6.5615851e-01
   9.8611940e+08   1.4569667e-01   6.4937656e-01
   9.8641791e+08   1.5452815e-01   6.4210519e-01
   9.8671642e+08   1.6360846e-01   6.3430216e-01
   9.8701493e+08   1.7293680e-01   6.2592125e-01
   9.8731343e+08   1.8251002e-01   6.1691182e-01
   9.8761194e+08   1.9232211e-01   6.0721842e-01
   9.8791045e+08   2.0236349e-01   5.9678042e-01
   9.8820896e+08   2.1262016e-01   5.8553160e-01
   9.8850746e+08   2.2307285e-01   5.7339971e-01
   9.8880597e+08   2.3369569e-01   5.6030615e-01
   9.8910448e+08   2.4445490e-01   5.4616562e-01
   9.8940299e+08   2.5530718e-01   5.3088593e-01
   9.8970149e+08   2.6619765e-01   5.1436791e-01
   9.9000000e+08   2.7705766e-01   4.9650553e-01
   9.9029851e+08   2.8780210e-01   4.7718639e-01
   9.9059701e+08   2.9832633e-01   4.5629254e-01
   9.9089552e+08   3.0850272e-01   4.3370194e-01
   9.9119403e+08   3.1817682e-01   4.0929067e-01
   9.9149254e+08   3.2716308e-01   3.8293606e-01
   9.9179104e+08   3.3524044e-01   3.5452119e-01
   9.9208955e+08   3.4214788e-01   3.2394088e-01
   9.9238806e+08   3.4758022e-01   2.9110964e-01
   9.9268657e+08   3.5118483e-01   2.5597176e-01
   9.9298507e+08   3.5255979e-01   2.1851402e-01
   9.9328358e+08   3.5125459e-01   1.7878087e-01
   9.9358209e+08   3.4677446e-01   1.3689213e-01
   9.9388060e+08   3.3858983e-01   9.3062512e-02
   9.9417910e+08   3.2615236e-01   4.7621790e-02
   9.9447761e+08   3.0891902e-01   1.0335804e-03
   9.9477612e+08   2.8638491e-01  -4.6090169e-02
   9.9507463e+08   2.5812477e-01  -9.2982713e-02
   9.9537313e+08   2.2384139e-01  -1.3872840e-01
   9.9567164e+08   1.8341697e-01  -1.8228500e-01
   9.9597015e+08   1.3696127e-01  -2.2252512e-01
   9.9626866e+08   8.4848648e-02  -2.5829714e-01
   9.9656716e+08   2.7735369e-02  -2.8850190e-01
   9.9686567e+08  -3.3450045e-02  -3.1217755e-01
   9.9716418e+08  -9.7546806e-02  -3.2858128e-01
   9.9746269e+08  -1.6323050e-01  -3.3725533e-01
   9.9776119e+08  -2.2910229e-01  -3.3806629e-01
   9.9805970e+08  -2.9378681e-01  -3.3121081e-01
   9.9835821e+08  -3.5602433e-01  -3.1718777e-01
   9.9865672e+08  -4.1474489e-01  -2.9674240e-01
   9.9895522e+08  -4.6911649e-01  -2.7079296e-01
   9.9925373e+08  -5.1856466e-01  -2.4035179e-01
   9.9955224e+08  -5.6276605e-01  -2.0645138e-01
   9.9985075e+08  -6.0162229e-01  -1.7008316e-01
   1.0001493e+09  -6.3522159e-01  -1.3215284e-01
   1.0004478e+09  -6.6379528e-01  -9.3452716e-02
   1.0007463e+09  -6.8767513e-01  -5.4649088e-02
   1.0010448e+09  -7.0725503e-01  -1.6281468e-02
   1.0013433e+09  -7.2295949e-01   2.1229858e-02
   1.0016418e+09  -7.3521904e-01   5.7571326e-02
   1.0019403e+09  -7.4445249e-01   9.2521152e-02
   1.0022388e+09  -7.5105504e-01   1.2593386e-01
   1.0025373e+09  -7.5539111e-01   1.5772561e-01
   1.0028358e+09  -7.5779074e-01   1.8786105e-01
   1.0031343e+09  -7.5854865e-01   2.1634179e-01
   1.0034328e+09  -7.5792502e-01   2.4319698e-01
   1.0037313e+09  -7.5614741e-01   2.6847544e-01
   1.0040299e+09  -7.5341341e-01   2.9223948e-01
   1.0043284e+09  -7.4989342e-01   3.1456003e-01
   1.0046269e+09  -7.4573373e-01   3.3551291e-01
   1.0049254e+09  -7.4105926e-01   3.5517602e-01
   1.0052239e+09  -7.3597630e-01   3.7362728e-01
   1.0055224e+09  -7.3057500e-01   3.9094316e-01
   1.0058209e+09  -7.2493151e-01   4.0719760e-01
   1.0061194e+09  -7.1910999e-01   4.2246140e-01
   1.0064179e+09  -7.1316430e-01   4.3680172e-01
   1.0067164e+09  -7.0713952e-01   4.5028195e-01
   1.0070149e+09  -7.0107325e-01   4.6296154e-01
   1.0073134e+09  -6.9499672e-01   4.7489608e-01
   1.0076119e+09  -6.8893572e-01   4.8613734e-01
   1.0079104e+09  -6.8291150e-01   4.9673351e-01
   1.0082090e+09  -6.7694137e-01   5.0672925e-01
   1.0085075e+09  -6.7103942e-01   5.1616600e-01
   1.0088060e+09  -6.6521691e-01   5.2508209e-01
   1.0091045e+09  -6.5948280e-01   5.3351301e-01
   1.0094030e+09  -6.5384403e-01   5.4149156e-01
   1.0097015e+09  -6.4830594e-01   5.4904808e-01
   1.0100000e+09  -6.4287243e-01   5.5621062e-01
   1.0102985e+09  -6.3754626e-01   5.6300509e-01
   1.0105970e+09  -6.3232920e-01   5.6945548e-01
   1.0108955e+09  -6.2722224e-01   5.7558398e-01
   1.0111940e+09  -6.2222563e-01   5.8141111e-01
   1.0114925e+09  -6.1733914e-01   5.8695587e-01
   1.0117910e+09  -6.1256202e-01   5.9223588e-01
   1.0120896e+09  -6.0789318e-01   5.9726745e-01
   1.0123881e+09  -6.0333122e-01   6.0206572e-01
   1.0126866e+09  -5.9887448e-01   6.0664472e-01
   1.0129851e+09  -5.9452112e-01   6.1101749e-01
   1.0132836e+09  -5.9026917e-01   6.1519616e-01
   1.0135821e+09  -5.8611649e-01   6.1919200e-01
   1.0138806e+09  -5.8206091e-01   6.2301550e-01
   1.0141791e+09  -5.7810018e-01   6.2667640e-01
   1.0144776e+09  -5.7423201e-01   6.3018382e-01
   1.0147761e+09  -5.7045410e-01   6.3354624e-01
   1.0150746e+09  -5.6676413e-01   6.3677159e-01
   1.0153731e+09  -5.6315981e-01   6.3986726e-01
   1.0156716e+09  -5.5963885e-01   6.4284015e-01
   1.0159701e+09  -5.5619901e-01   6.4569675e-01
   1.0162687e+09  -5.5283804e-01   6.4844311e-01
   1.0165672e+09  -5.4955377e-01   6.5108487e-01
   1.0168657e+09  -5.4634404e-01   6.5362738e-01
   1.0171642e+09  -5.4320677e-01   6.5607560e-01
   1.0174627e+09  -5.4013990e-01   6.5843423e-01
   1.0177612e+09  -5.3714144e-01   6.6070762e-01
   1.0180597e+09  -5.3420942e-01   6.6289996e-01
   1.0183582e+09  -5.3134196e-01   6.6501508e-01
   1.0186567e+09  -5.2853722e-01   6.6705667e-01
   1.0189552e+09  -5.2579340e-01   6.6902816e-01
   1.0192537e+09  -5.2310876e-01   6.7093280e-01
   1.0195522e+09  -5.2048161e-01   6.7277363e-01
   1.0198507e+09  -5.1791031e-01   6.7455356e-01
   1.0201493e+09  -5.1539328e-01   6.7627531e-01
   1.0204478e+09  -5.1292897e-01   6.7794145e-01
   1.0207463e+09  -5.1051591e-01   6.7955441e-01
   1.0210448e+09  -5.0815265e-01   6.8111650e-01
   1.0213433e+09  -5.0583778e-01   6.8262989e-01
   1.0216418e+09  -5.0356996e-01   6.8409665e-01
   1.0219403e+09  -5.0134787e-01   6.8551873e-01
   1.0222388e+09  -4.9917026e-01   6.8689798e-01
   1.0225373e+09  -4.9703589e-01   6.8823617e-01
   1.0228358e+09  -4.9494357e-01   6.8953495e-01
   1.0231343e+09  -4.9289217e-01   6.9079592e-01
   1.0234328e+09  -4.9088057e-01   6.9202058e-01
   1.0237313e+09  -4.8890769e-01   6.9321035e-01
   1.0240299e+09  -4.8697249e-01   6.9436659e-01
   1.0243284e+09  -4.8507398e-01   6.9549060e-01
   1.0246269e+09  -4.8321116e-01   6.9658361e-01
   1.0249254e+09  -4.8138310e-01   6.9764680e-01
   1.0252239e+09  -4.7958890e-01   6.9868127e-01
   1.0255224e+09  -4.7782766e-01   6.9968809e-01
   1.0258209e+09  -4.7609852e-01   7.0066828e-01
   1.0261194e+09  -4.7440068e-01   7.0162282e-01
   1.0264179e+09  -4.7273331e-01   7.0255260e-01
   1.0267164e+09  -4.7109565e-01   7.0345854e-01
   1.0270149e+09  -4.6948695e-01   7.0434145e-01
   1.0273134e+09  -4.6790648e-01   7.0520216e-01
   1.0276119e+09  -4.6635352e-01   7.0604144e-01
   1.0279104e+09  -4.6482740e-01   7.0686001e-01
   1.0282090e+09  -4.6332747e-01   7.0765859e-01
   1.0285075e+09  -4.6185306e-01   7.0843785e-01
   1.0288060e+09  -4.6040357e-01   7.0919843e-01
   1.0291045e+09  -4.5897839e-01   7.0994096e-01
   1.0294030e+09  -4.5757694e-01   7.1066604e-01
   1.0297015e+09  -4.5619864e-01   7.1137421e-01
   1.0300000e+09  -4.5484296e-01   7.1206603e-01
