   9.7000000e+08  -1.5953519e-01  -7.4140105e-01
   9.7029851e+08  -1.5690713e-01  -7.4685045e-01
   9.7059701e+08  -1.7422559e-01  -7.4883922e-01
   9.7089552e+08  -1.7945717e-01  -7.4457026e-01
   9.7119403e+08  -1.7814591e-01  -7.4804467e-01
   9.7149254e+08  -1.7917890e-01  -7.3962470e-01
   9.7179104e+08  -1.8064614e-01  -7.4159318e-01
   9.7208955e+08  -1.7798948e-01  -7.3994549e-01
   9.7238806e+08  -1.8789461e-01  -7.4924318e-01
   9.7268657e+08  -1.9159515e-01  -7.2276546e-01
   9.7298507e+08  -1.8423354e-01  -7.5043200e-01
   9.7328358e+08  -1.8543932e-01  -7.2929675e-01
   9.7358209e+08  -2.0361221e-01  -7.3102072e-01
   9.7388060e+08  -1.9679002e-01  -7.1956614e-01
   9.7417910e+08  -2.0511493e-01  -7.3631422e-01
   9.7447761e+08  -1.9942787e-01  -7.2141176e-01
   9.7477612e+08  -2.0941223e-01  -7.1668442e-01
   9.7507463e+08  -2.1103337e-01  -7.2497297e-01
   9.7537313e+08  -2.2018542e-01  -7.1472731e-01
   9.7567164e+08  -2.0771101e-01  -7.1860232e-01
   9.7597015e+08  -2.2969247e-01  -7.1003534e-01
   9.7626866e+08  -2.1450965e-01  -7.1713973e-01
   9.7656716e+08  -2.2700002e-01  -7.1893363e-01
   9.7686567e+08  -2.3563633e-01  -7.2348182e-01
   9.7716418e+08  -2.2874216e-01  -7.1437371e-01
   9.7746269e+08  -2.2886495e-01  -7.0318323e-01
   9.7776119e+08  -2.3705137e-01  -7.0249937e-01
   9.7805970e+08  -2.3248170e-01  -6.9993332e-01
   9.7835821e+08  -2.3291933e-01  -6.9807347e-01
   9.7865672e+08  -2.4838496e-01  -7.0293245e-01
   9.7895522e+08  -2.5811258e-01  -6.8778969e-01
   9.7925373e+08  -2.4291245e-01  -6.7882421e-01
   9.7955224e+08  -2.5967079e-01  -6.8136976e-01
   9.7985075e+08  -2.6532286e-01  -6.7676912e-01
   9.8014925e+08  -2.6499096e-01  -6.6529541e-01
   9.8044776e+08  -2.6153545e-01  -6.7962339e-01
   9.8074627e+08  -2.5890360e-01  -6.6744376e-01
   9.8104478e+08  -2.6529802e-01  -6.7118353e-01
   9.8134328e+08  -2.7071820e-01  -6.5206990e-01
   9.8164179e+08  -2.8648780e-01  -6.6462068e-01
   9.8194030e+08  -2.7917371e-01  -6.5880484e-01
   9.8223881e+08  -2.8925212e-01  -6.5395510e-01
   9.8253731e+08  -2.9468643e-01  -6.4134282e-01
   9.8283582e+08  -2.9662143e-01  -6.5265227e-01
   9.8313433e+08  -3.1510265e-01  -6.4314351e-01
   9.8343284e+08  -3.0587449e-01  -6.2329705e-01
   9.8373134e+08  -3.1889188e-01  -6.1828409e-01
   9.8402985e+08  -3.1126826e-01  -6.1737716e-01
   9.8432836e+08  -3.2621424e-01  -6.1025750e-01
   9.8462687e+08  -3.4000354e-01  -5.9891628e-01
   9.8492537e+08  -3.5123145e-01  -5.8466818e-01
   9.8522388e+08  -3.3119345e-01  -5.8181288e-01
   9.8552239e+08  -3.4237638e-01  -5.7640257e-01
   9.8582090e+08  -3.3674421e-01  -5.7146917e-01
   9.8611940e+08  -3.6717195e-01  -5.4939676e-01
   9.8641791e+08  -3.6942825e-01  -5.4440550e-01
   9.8671642e+08  -3.8046965e-01  -5.4809368e-01
   9.8701493e+08  -3.6983072e-01  -5.3004898e-01
   9.8731343e+08  -3.7650428e-01  -5.1653490e-01
   9.8761194e+08  -3.8049237e-01  -4.9138711e-01
   9.8791045e+08  -4.0159028e-01  -4.8605973e-01
   9.8820896e+08  -4.0376335e-01  -4.7490781e-01
   9.8850746e+08  -4.0779515e-01  -4.5936302e-01
   9.8880597e+08  -4.0863223e-01  -4.4424192e-01
   9.8910448e+08  -4.2553809e-01  -4.3994182e-01
   9.8940299e+08  -4.1387471e-01  -4.0953236e-01
   9.8970149e+08  -4.2887788e-01  -3.7855306e-01
   9.9000000e+08  -4.2573623e-01  -3.6022723e-01
   9.9029851e+08  -4.3192194e-01  -3.5033783e-01
   9.9059701e+08  -4.3609847e-01  -3.3470449e-01
   9.9089552e+08  -4.3322327e-01  -3.0172131e-01
   9.9119403e+08  -4.3836146e-01  -2.6204031e-01
   9.9149254e+08  -4.2803758e-01  -2.4420206e-01
   9.9179104e+08  -4.3490987e-01  -2.0660978e-01
   9.9208955e+08  -4.3653427e-01  -1.8514697e-01
   9.9238806e+08  -4.3398621e-01  -1.4498888e-01
   9.9268657e+08  -4.0850749e-01  -1.2402982e-01
   9.9298507e+08  -4.1187710e-01  -8.0659698e-02
   9.9328358e+08  -3.8436135e-01  -5.1233632e-02
   9.9358209e+08  -3.8428860e-01  -8.8775001e-03
   9.9388060e+08  -3.5321386e-01   2.3550821e-02
   9.9417910e+08  -3.2815863e-01   7.0462946e-02
   9.9447761e+08  -2.8561617e-01   1.0063193e-01
   9.9477612e+08  -2.6263319e-01   1.3612673e-01
   9.9507463e+08  -2.0734982e-01   1.7124637e-01
   9.9537313e+08  -1.5459064e-01   2.0658974e-01
   9.9567164e+08  -1.0537306e-01   2.3391328e-01
   9.9597015e+08  -4.9168432e-02   2.4467889e-01
   9.9626866e+08   1.6028365e-02   2.7231973e-01
   9.9656716e+08   7.7392125e-02   2.7310513e-01
   9.9686567e+08   1.4353756e-01   2.8784543e-01
   9.9716418e+08   1.9756621e-01   2.7397178e-01
   9.9746269e+08   2.6851969e-01   2.5855731e-01
   9.9776119e+08   3.4088002e-01   2.4054355e-01
   9.9805970e+08   3.9445192e-01   2.0791453e-01
   9.9835821e+08   4.5454438e-01   1.7883894e-01
   9.9865672e+08   4.9163091e-01   1.3752304e-01
   9.9895522e+08   5.3531337e-01   8.4753706e-02
   9.9925373e+08   5.7427752e-01   4.1558161e-02
   9.9955224e+08   5.9991157e-01   6.3690526e-03
   9.9985075e+08   6.1938492e-01  -4.7239581e-02
   1.0001493e+09   6.3485455e-01  -9.1758590e-02
   1.0004478e+09   6.6318128e-01  -1.3423544e-01
   1.0007463e+09   6.6104749e-01  -1.8386262e-01
   1.0010448e+09   6.6793925e-01  -2.3192133e-01
   1.0013433e+09   6.7455456e-01  -2.5870271e-01
   1.0016418e+09   6.7048739e-01  -3.1178301e-01
   1.0019403e+09   6.7062613e-01  -3.3865358e-01
   1.0022388e+09   6.6745875e-01  -3.8076433e-01
   1.0025373e+09   6.5643993e-01  -4.1382318e-01
   1.0028358e+09   6.5532053e-01  -4.4361037e-01
   1.0031343e+09   6.3458051e-01  -4.6719957e-01
   1.0034328e+09   6.2955697e-01  -4.8219496e-01
   1.0037313e+09   6.1233624e-01  -5.0148882e-01
   1.0040299e+09   5.9815379e-01  -5.3086536e-01
   1.0043284e+09   5.9972829e-01  -5.5013572e-01
   1.0046269e+09   5.8703307e-01  -5.6949075e-01
   1.0049254e+09   5.7671319e-01  -5.8723671e-01
   1.0052239e+09   5.5904889e-01  -5.9650448e-01
   1.0055224e+09   5.4778477e-01  -6.1146879e-01
   1.0058209e+09   5.4412930e-01  -6.2383854e-01
   1.0061194e+09   5.2538375e-01  -6.3790086e-01
   1.0064179e+09   5.0939012e-01  -6.5699532e-01
   1.0067164e+09   5.1834116e-01  -6.5224544e-01
   1.0070149e+09   4.9892216e-01  -6.7647019e-01
   1.0073134e+09   4.9361646e-01  -6.9101734e-01
   1.0076119e+09   4.6836793e-01  -6.8762536e-01
   1.0079104e+09   4.6796229e-01  -7.0968122e-01
   1.0082090e+09   4.6253640e-01  -7.0581333e-01
   1.0085075e+09   4.4701169e-01  -7.2300384e-01
   1.0088060e+09   4.5105519e-01  -7.1423885e-01
   1.0091045e+09   4.3038520e-01  -7.1908343e-01
   1.0094030e+09   4.2812593e-01  -7.2336084e-01
   1.0097015e+09   4.2675281e-01  -7.3169793e-01
   1.0100000e+09   4.1583043e-01  -7.5236694e-01
   1.0102985e+09   4.1017448e-01  -7.3885228e-01
   1.0105970e+09   4.0068660e-01  -7.5324880e-01
   1.0108955e+09   4.0866300e-01  -7.5516509e-01
   1.0111940e+09   3.8329063e-01  -7.5628134e-01
   1.0114925e+09   3.7434752e-01  -7.5995620e-01
   1.0117910e+09   3.6613615e-01  -7.6543386e-01
   1.0120896e+09   3.7601484e-01  -7.6186377e-01
   1.0123881e+09   3.5681684e-01  -7.7459753e-01
   1.0126866e+09   3.5741947e-01  -7.7330549e-01
   1.0129851e+09   3.4387800e-01  -7.7950266e-01
   1.0132836e+09   3.4199756e-01  -7.8303803e-01
   1.0135821e+09   3.3781788e-01  -7.8250839e-01
   1.0138806e+09   3.2899909e-01  -7.9180298e-01
   1.0141791e+09   3.2804263e-01  -7.7736572e-01
   1.0144776e+09   3.2018570e-01  -7.9163550e-01
   1.0147761e+09   3.1305848e-01  -7.9270430e-01
   1.0150746e+09   3.1805700e-01  -7.9342899e-01
   1.0153731e+09   3.1398880e-01  -7.8389227e-01
   1.0156716e+09   3.0878405e-01  -7.8850376e-01
   1.0159701e+09   3.1235503e-01  -7.9866157e-01
   1.0162687e+09   2.9070925e-01  -7.8829295e-01
   1.0165672e+09   3.0131872e-01  -7.9350276e-01
   1.0168657e+09   2.9947289e-01  -8.1095956e-01
   1.0171642e+09   2.7714270e-01  -7.9823546e-01
   1.0174627e+09   2.7359364e-01  -7.9215743e-01
   1.0177612e+09   2.8544589e-01  -7.9505520e-01
   1.0180597e+09   2.6509268e-01  -8.0775062e-01
   1.0183582e+09   2.7947114e-01  -8.0805459e-01
   1.0186567e+09   2.6785069e-01  -8.1624196e-01
   1.0189552e+09   2.5980511e-01  -8.0339339e-01
   1.0192537e+09   2.6547955e-01  -8.1174314e-01
   1.0195522e+09   2.6134247e-01  -8.0734060e-01
   1.0198507e+09   2.5534818e-01  -8.1249313e-01
   1.0201493e+09   2.4298342e-01  -8.2549848e-01
   1.0204478e+09   2.4954882e-01  -8.0744792e-01
   1.0207463e+09   2.3684884e-01  -8.2487971e-01
   1.0210448e+09   2.3996205e-01  -8.2005166e-01
   1.0213433e+09   2.5152098e-01  -8.2078837e-01
   1.0216418e+09   2.5002368e-01  -8.0153860e-01
   1.0219403e+09   2.4747567e-01  -8.0391744e-01
   1.0222388e+09   2.2357827e-01  -8.2728391e-01
   1.0225373e+09   2.2549728e-01  -8.2449593e-01
   1.0228358e+09   2.2960621e-01  -8.1816270e-01
   1.0231343e+09   2.2680330e-01  -8.1465752e-01
   1.0234328e+09   2.1381681e-01  -8.2268429e-01
   1.0237313e+09   2.2649326e-01  -8.1166237e-01
   1.0240299e+09   2.2687059e-01  -8.1402390e-01
   1.0243284e+09   2.2935066e-01  -8.0883213e-01
   1.0246269e+09   2.0914985e-01  -8.2073264e-01
   1.0249254e+09   2.0932355e-01  -8.3219242e-01
   1.0252239e+09   2.0525075e-01  -8.2598476e-01
   1.0255224e+09   2.0405646e-01  -8.1662914e-01
   1.0258209e+09   2.1480904e-01  -8.0797899e-01
   1.0261194e+09   2.1545203e-01  -8.1606385e-01
   1.0264179e+09   2.1322385e-01  -8.2979890e-01
   1.0267164e+09   1.9818186e-01  -8.2062365e-01
   1.0270149e+09   1.9253578e-01  -8.1605797e-01
   1.0273134e+09   1.9412295e-01  -8.1643268e-01
   1.0276119e+09   1.9464862e-01  -8.1619983e-01
   1.0279104e+09   1.9269249e-01  -8.2177030e-01
   1.0282090e+09   1.9548766e-01  -8.1734922e-01
   1.0285075e+09   1.9903767e-01  -8.2545848e-01
   1.0288060e+09   1.9174762e-01  -8.2105513e-01
   1.0291045e+09   1.9028782e-01  -8.2258070e-01
   1.0294030e+09   1.8591910e-01  -8.2872157e-01
   1.0297015e+09   1.8715586e-01  -8.2731869e-01
   1.0300000e+09   1.8631821e-01  -8.1098066e-01
