   9.7000000e+08  -1.7081290e-01  -7.4796184e-01
   9.7029851e+08  -1.7319814e-01  -7.4749443e-01
   9.7059701e+08  -1.7547667e-01  -7.4806893e-01
   9.7089552e+08  -1.7588239e-01  -7.4455682e-01
   9.7119403e+08  -1.7835081e-01  -7.4428489e-01
   9.7149254e+08  -1.7955810e-01  -7.4147854e-01
   9.7179104e+08  -1.8213829e-01  -7.4109270e-01
   9.7208955e+08  -1.8523612e-01  -7.3916962e-01
   9.7238806e+08  -1.8754657e-01  -7.3838236e-01
   9.7268657e+08  -1.8999085e-01  -7.3752604e-01
   9.7298507e+08  -1.9221400e-01  -7.3523459e-01
   9.7328358e+08  -1.9328075e-01  -7.3348359e-01
   9.7358209e+08  -1.9592728e-01  -7.3318446e-01
   9.7388060e+08  -1.9819314e-01  -7.3050911e-01
   9.7417910e+08  -2.0002314e-01  -7.2932628e-01
   9.7447761e+08  -2.0193540e-01  -7.2592906e-01
   9.7477612e+08  -2.0586514e-01  -7.2575985e-01
   9.7507463e+08  -2.0789440e-01  -7.2336886e-01
   9.7537313e+08  -2.1222014e-01  -7.2170027e-01
   9.7567164e+08  -2.1304817e-01  -7.2018239e-01
   9.7597015e+08  -2.1579477e-01  -7.1729456e-01
   9.7626866e+08  -2.1812403e-01  -7.1592655e-01
   9.7656716e+08  -2.2179423e-01  -7.1327226e-01
   9.7686567e+08  -2.2694168e-01  -7.1095575e-01
   9.7716418e+08  -2.2806284e-01  -7.0833107e-01
   9.7746269e+08  -2.3122264e-01  -7.0626313e-01
   9.7776119e+08  -2.3459810e-01  -7.0352903e-01
   9.7805970e+08  -2.3802216e-01  -7.0058898e-01
   9.7835821e+08  -2.4137849e-01  -6.9824995e-01
   9.7865672e+08  -2.4396412e-01  -6.9605422e-01
   9.7895522e+08  -2.4785446e-01  -6.9423355e-01
   9.7925373e+08  -2.5176375e-01  -6.8981436e-01
   9.7955224e+08  -2.5511154e-01  -6.8661189e-01
   9.7985075e+08  -2.5900019e-01  -6.8314476e-01
   9.8014925e+08  -2.6264194e-01  -6.7790301e-01
   9.8044776e+08  -2.6671883e-01  -6.7497143e-01
   9.8074627e+08  -2.7115300e-01  -6.7099613e-01
   9.8104478e+08  -2.7530024e-01  -6.6725524e-01
   9.8134328e+08  -2.7920260e-01  -6.6391036e-01
   9.8164179e+08  -2.8293340e-01  -6.5928238e-01
   9.8194030e+08  -2.8829460e-01  -6.5442093e-01
   9.8223881e+08  -2.9095408e-01  -6.5045653e-01
   9.8253731e+08  -2.9669554e-01  -6.4452602e-01
   9.8283582e+08  -3.0064448e-01  -6.3995266e-01
   9.8313433e+08  -3.0579744e-01  -6.3299190e-01
   9.8343284e+08  -3.1110958e-01  -6.2836663e-01
   9.8373134e+08  -3.1544823e-01  -6.2198222e-01
   9.8402985e+08  -3.1962227e-01  -6.1641682e-01
   9.8432836e+08  -3.2625637e-01  -6.1014403e-01
   9.8462687e+08  -3.3207517e-01  -6.0298468e-01
   9.8492537e+08  -3.3691663e-01  -5.9482453e-01
   9.8522388e+08  -3.4133908e-01  -5.8785030e-01
   9.8552239e+08  -3.4709589e-01  -5.7789549e-01
   9.8582090e+08  -3.5332814e-01  -5.7008760e-01
   9.8611940e+08  -3.5830851e-01  -5.6091018e-01
   9.8641791e+08  -3.6437285e-01  -5.5070677e-01
   9.8671642e+08  -3.7088650e-01  -5.4042383e-01
   9.8701493e+08  -3.7751296e-01  -5.2891094e-01
   9.8731343e+08  -3.8184751e-01  -5.1672924e-01
   9.8761194e+08  -3.8847422e-01  -5.0403198e-01
   9.8791045e+08  -3.9590429e-01  -4.9183809e-01
   9.8820896e+08  -4.0033058e-01  -4.7602989e-01
   9.8850746e+08  -4.0558323e-01  -4.6343035e-01
   9.8880597e+08  -4.1088120e-01  -4.4621870e-01
   9.8910448e+08  -4.1707368e-01  -4.2884315e-01
   9.8940299e+08  -4.2138260e-01  -4.1100868e-01
   9.8970149e+08  -4.2607293e-01  -3.9125332e-01
   9.9000000e+08  -4.2983969e-01  -3.7187712e-01
   9.9029851e+08  -4.3390092e-01  -3.4972107e-01
   9.9059701e+08  -4.3606040e-01  -3.2766895e-01
   9.9089552e+08  -4.3781877e-01  -3.0199948e-01
   9.9119403e+08  -4.3841315e-01  -2.7577178e-01
   9.9149254e+08  -4.3777738e-01  -2.4743542e-01
   9.9179104e+08  -4.3547088e-01  -2.1872136e-01
   9.9208955e+08  -4.3094925e-01  -1.8812412e-01
   9.9238806e+08  -4.2518856e-01  -1.5382785e-01
   9.9268657e+08  -4.1745343e-01  -1.2089657e-01
   9.9298507e+08  -4.0543542e-01  -8.6307094e-02
   9.9328358e+08  -3.9028747e-01  -4.7487003e-02
   9.9358209e+08  -3.7362049e-01  -9.6843832e-03
   9.9388060e+08  -3.4915942e-01   2.6763757e-02
   9.9417910e+08  -3.2250582e-01   6.6417502e-02
   9.9447761e+08  -2.9043175e-01   1.0502066e-01
   9.9477612e+08  -2.5378344e-01   1.4102472e-01
   9.9507463e+08  -2.1101924e-01   1.7490376e-01
   9.9537313e+08  -1.6205452e-01   2.0519014e-01
   9.9567164e+08  -1.1074192e-01   2.3372311e-01
   9.9597015e+08  -5.1769903e-02   2.5585537e-01
   9.9626866e+08   8.6603272e-03   2.7184785e-01
   9.9656716e+08   7.2040204e-02   2.8076259e-01
   9.9686567e+08   1.3878835e-01   2.8207967e-01
   9.9716418e+08   2.0265190e-01   2.7524234e-01
   9.9746269e+08   2.6842068e-01   2.6159835e-01
   9.9776119e+08   3.3042776e-01   2.3948280e-01
   9.9805970e+08   3.8899536e-01   2.0975063e-01
   9.9835821e+08   4.4313892e-01   1.7691351e-01
   9.9865672e+08   4.9158391e-01   1.3679093e-01
   9.9895522e+08   5.3303143e-01   9.2466847e-02
   9.9925373e+08   5.6981873e-01   4.8134811e-02
   9.9955224e+08   5.9843406e-01   1.5572003e-03
   9.9985075e+08   6.2359843e-01  -4.4679519e-02
   1.0001493e+09   6.4105869e-01  -9.2633072e-02
   1.0004478e+09   6.5589098e-01  -1.3879559e-01
   1.0007463e+09   6.6542150e-01  -1.8281436e-01
   1.0010448e+09   6.6884590e-01  -2.2748406e-01
   1.0013433e+09   6.7171418e-01  -2.6822520e-01
   1.0016418e+09   6.6986848e-01  -3.0531261e-01
   1.0019403e+09   6.6888733e-01  -3.4133836e-01
   1.0022388e+09   6.6118993e-01  -3.7584550e-01
   1.0025373e+09   6.5586791e-01  -4.0768086e-01
   1.0028358e+09   6.4886840e-01  -4.3543632e-01
   1.0031343e+09   6.3895763e-01  -4.6290578e-01
   1.0034328e+09   6.2957765e-01  -4.8749055e-01
   1.0037313e+09   6.1829527e-01  -5.1109039e-01
   1.0040299e+09   6.0950620e-01  -5.3297257e-01
   1.0043284e+09   5.9754534e-01  -5.5077150e-01
   1.0046269e+09   5.8573067e-01  -5.6982848e-01
   1.0049254e+09   5.7665968e-01  -5.8803370e-01
   1.0052239e+09   5.6329260e-01  -6.0173191e-01
   1.0055224e+09   5.5380659e-01  -6.1739402e-01
   1.0058209e+09   5.4174826e-01  -6.3168893e-01
   1.0061194e+09   5.3182173e-01  -6.4173978e-01
   1.0064179e+09   5.2094222e-01  -6.5495259e-01
   1.0067164e+09   5.1038491e-01  -6.6549650e-01
   1.0070149e+09   5.0043702e-01  -6.7477698e-01
   1.0073134e+09   4.9106403e-01  -6.8515988e-01
   1.0076119e+09   4.8204488e-01  -6.9253728e-01
   1.0079104e+09   4.7137454e-01  -7.0019870e-01
   1.0082090e+09   4.6227164e-01  -7.0809422e-01
   1.0085075e+09   4.5371863e-01  -7.1559064e-01
   1.0088060e+09   4.4517745e-01  -7.2023981e-01
   1.0091045e+09   4.3833355e-01  -7.2689540e-01
   1.0094030e+09   4.2967161e-01  -7.3248144e-01
   1.0097015e+09   4.2029058e-01  -7.3773863e-01
   1.0100000e+09   4.1484014e-01  -7.4234574e-01
   1.0102985e+09   4.0685117e-01  -7.4769347e-01
   1.0105970e+09   3.9832592e-01  -7.5140146e-01
   1.0108955e+09   3.9237525e-01  -7.5644772e-01
   1.0111940e+09   3.8470610e-01  -7.5957380e-01
   1.0114925e+09   3.7961279e-01  -7.6247747e-01
   1.0117910e+09   3.7378156e-01  -7.6674463e-01
   1.0120896e+09   3.6686435e-01  -7.7018308e-01
   1.0123881e+09   3.6083773e-01  -7.7330566e-01
   1.0126866e+09   3.5627075e-01  -7.7516582e-01
   1.0129851e+09   3.4948969e-01  -7.7695953e-01
   1.0132836e+09   3.4381673e-01  -7.8011735e-01
   1.0135821e+09   3.3879323e-01  -7.8222675e-01
   1.0138806e+09   3.3374604e-01  -7.8306191e-01
   1.0141791e+09   3.2876899e-01  -7.8644271e-01
   1.0144776e+09   3.2450083e-01  -7.8873995e-01
   1.0147761e+09   3.2033005e-01  -7.9080758e-01
   1.0150746e+09   3.1321775e-01  -7.9213327e-01
   1.0153731e+09   3.1009648e-01  -7.9395985e-01
   1.0156716e+09   3.0733333e-01  -7.9493295e-01
   1.0159701e+09   3.0187148e-01  -7.9598341e-01
   1.0162687e+09   2.9744044e-01  -7.9824553e-01
   1.0165672e+09   2.9366521e-01  -7.9820143e-01
   1.0168657e+09   2.9025427e-01  -8.0096026e-01
   1.0171642e+09   2.8508758e-01  -8.0249180e-01
   1.0174627e+09   2.8153369e-01  -8.0281072e-01
   1.0177612e+09   2.7850764e-01  -8.0581108e-01
   1.0180597e+09   2.7456375e-01  -8.0531491e-01
   1.0183582e+09   2.7139598e-01  -8.0641120e-01
   1.0186567e+09   2.6979735e-01  -8.0697464e-01
   1.0189552e+09   2.6657005e-01  -8.0889451e-01
   1.0192537e+09   2.6235586e-01  -8.1000494e-01
   1.0195522e+09   2.5889424e-01  -8.1011437e-01
   1.0198507e+09   2.5575801e-01  -8.1013026e-01
   1.0201493e+09   2.5409027e-01  -8.1153846e-01
   1.0204478e+09   2.4985668e-01  -8.1258035e-01
   1.0207463e+09   2.4666734e-01  -8.1339151e-01
   1.0210448e+09   2.4431822e-01  -8.1294730e-01
   1.0213433e+09   2.4154101e-01  -8.1469745e-01
   1.0216418e+09   2.4026959e-01  -8.1605748e-01
   1.0219403e+09   2.3640746e-01  -8.1546022e-01
   1.0222388e+09   2.3371658e-01  -8.1538644e-01
   1.0225373e+09   2.3110776e-01  -8.1694819e-01
   1.0228358e+09   2.2798354e-01  -8.1734467e-01
   1.0231343e+09   2.2785954e-01  -8.1789570e-01
   1.0234328e+09   2.2586294e-01  -8.1828236e-01
   1.0237313e+09   2.2106063e-01  -8.1852686e-01
   1.0240299e+09   2.2058685e-01  -8.1901714e-01
   1.0243284e+09   2.1792076e-01  -8.1955551e-01
   1.0246269e+09   2.1690411e-01  -8.1976817e-01
   1.0249254e+09   2.1370592e-01  -8.1893874e-01
   1.0252239e+09   2.1103164e-01  -8.2166505e-01
   1.0255224e+09   2.1024280e-01  -8.2089307e-01
   1.0258209e+09   2.0795491e-01  -8.2112777e-01
   1.0261194e+09   2.0575508e-01  -8.2161879e-01
   1.0264179e+09   2.0247534e-01  -8.2289007e-01
   1.0267164e+09   2.0243025e-01  -8.2117866e-01
   1.0270149e+09   1.9943055e-01  -8.2345644e-01
   1.0273134e+09   1.9921981e-01  -8.2270731e-01
   1.0276119e+09   1.9649453e-01  -8.2290808e-01
   1.0279104e+09   1.9566590e-01  -8.2334905e-01
   1.0282090e+09   1.9259303e-01  -8.2232231e-01
   1.0285075e+09   1.9129379e-01  -8.2453285e-01
   1.0288060e+09   1.8980773e-01  -8.2341637e-01
   1.0291045e+09   1.8781296e-01  -8.2410892e-01
   1.0294030e+09   1.8695762e-01  -8.2407145e-01
   1.0297015e+09   1.8477931e-01  -8.2482461e-01
   1.0300000e+09   1.8330861e-01  -8.2464312e-01
